3.036357060323538061e-05;2.046856163734644374e-05;1.740639345327269440e-05;2.283461447253593031e-06;7.173758741949599295e-06;5.888706275229446873e-06;-8.780874882503104550e-07;1.344664925871720460e-07;-2.593611669038273939e-06;3.985607177091195692e-07;-3.564611029846637616e-06;6.554498311702034674e-07;2.588116266757271185e-05;2.079364370894158385e-05;1.554683076267219301e-05;7.111619530434945628e-06;9.484043567325466822e-06;8.529462953116574608e-06;8.640644294972249688e-06;3.260162489584417073e-06;8.961703872579793802e-07;-1.430539806729996587e-06;-1.529578056312097500e-06;-1.550963888716994684e-06;1.890286103306060891e-05;1.370308022494865697e-05;7.422440944754434194e-06;1.101578783619970070e-05;8.426211547211287669e-06;4.237319073235465114e-06;1.769536776738662235e-06;2.506007896108315260e-06;9.552476777971540391e-06;6.637405930071982012e-06;1.344890518907096206e-05;1.038593617268178982e-05;1.480930074133177758e-05;4.925755276763740273e-06;7.869059379395836601e-07;-2.999616561884086279e-06;-2.901268159361374197e-06;-3.235633130446369100e-06;1.256677641701314660e-07;3.783768459876078688e-06;-2.283630493695143856e-06;1.970718273931083328e-06;-2.693761344348332883e-06;1.011771282670762431e-06;1.428349040402044403e-05;2.731059658798644472e-06;-4.313121583978472413e-08;-3.438302509745158885e-06;-3.685717664578342921e-06;-3.872026945320437818e-06;-2.013735350164594170e-06;3.909265736112552682e-07;-2.660356201377329690e-06;5.085045096557949623e-07;-1.091002289011912202e-06;2.635236735579332995e-06;2.019541375491214303e-05;7.806475761574951759e-06;1.321743390634720541e-05;1.605896531171389245e-06;7.308820870462590013e-06;1.160766382690587179e-05;6.271256010685024218e-06;-6.560566647541912359e-06;1.830612650485671364e-06;-4.698536607305652168e-06;-4.846091707613677439e-07;-1.809639348182511262e-06;2.747311336762924840e-05;2.052243888625681620e-05;1.747853233684235988e-05;1.387782137884265863e-05;1.275509347050964818e-05;6.597070546252949026e-06;-2.689621451419856909e-06;-1.677713189386791805e-06;3.397946607112116547e-07;-7.846550092294776979e-06;1.785715559264693259e-06;-9.421960334558135484e-06
2.046856163734644374e-05;2.598421500732393683e-05;2.134809549662044440e-05;1.456857489872119514e-05;1.755463756384544944e-05;1.274682220101721345e-05;1.347512868153901335e-06;-1.999809394783681961e-06;1.010361280468802707e-06;-3.645838575803173324e-06;-1.592700663191477923e-06;-4.827236158790135420e-06;1.069021307335608591e-05;1.486587049857790831e-05;1.066891997796295404e-05;9.610866003145229926e-06;1.066453496879229591e-05;1.111098830108977853e-05;1.369733701200464696e-05;8.898813576363891651e-06;6.839549149296737453e-06;2.261343860942440381e-07;1.635628537197405398e-06;-3.960276817633642568e-06;3.011769076069244691e-06;4.649936407030963900e-06;4.226379204292435844e-07;8.872172246698552158e-06;4.120445386025224290e-06;3.968927266833148105e-07;-1.031389235827238426e-06;-1.706252804982868633e-06;4.452645173317764209e-06;2.240781313065760333e-06;9.843365834008123899e-06;1.104922168062963506e-05;-3.680374285834018233e-07;-3.590401800606962774e-06;-6.043397589697258954e-06;-5.005216065216937097e-06;-6.254630088779807429e-06;-6.502793915073712908e-06;-1.515448775452233363e-06;2.266375095784934835e-06;-3.046802465483193479e-06;1.307142239904114669e-06;-2.432914128680489367e-06;1.192433371726079650e-06;1.709991440674317857e-06;-5.396310851676002578e-06;-5.509167151783720278e-06;-5.576480461978639052e-06;-6.218944047216557615e-06;-6.432660160053904914e-06;-3.207277637883230756e-06;5.097375204341179519e-07;-1.774888887087551833e-06;9.539160718630313313e-07;-2.120209411432389500e-07;2.988017186065027885e-06;1.040651714534743942e-05;-4.215135454036788716e-07;4.943337768499372042e-06;-5.942328392610024153e-06;-2.398086080476160706e-06;2.683265227334441181e-06;4.240657895214961031e-06;-5.072988598314893136e-09;-3.106945560986851775e-06;-1.391387719946094884e-06;-4.489974565090513259e-06;-1.587535577219841244e-07;2.153291836636469855e-05;1.943385371159364462e-05;2.471040113768962625e-05;1.436772695640211158e-05;1.842454174000312953e-05;1.619909536768186266e-05;-3.700440979972342649e-07;-6.269447642145467198e-06;4.052484214173310004e-06;-5.302928912311510272e-06;6.126634388926639372e-06;-6.435447800989688970e-07
1.740639345327269440e-05;2.134809549662044440e-05;2.244089773435143501e-05;1.331048131071009656e-05;1.848133721077849746e-05;1.671054140949919389e-05;4.542885722053118108e-06;-3.802355403991249534e-06;2.183711105203988717e-06;-5.502689401815280058e-06;-1.526769652001359449e-06;-5.882621169471311408e-06;9.854712400862374351e-06;1.604435184803404299e-05;9.134133352460988573e-06;1.289235070178537256e-05;1.092435815758242463e-05;7.890456994392529199e-06;9.889057366503164291e-06;8.285043816748350218e-06;6.051503613083988268e-06;-1.470314924627130022e-07;2.962272556092139367e-06;-3.781265327633393258e-06;2.783549784124669986e-06;1.940849390253039581e-06;-1.616199442849337903e-06;3.553020127353229222e-06;1.676989255650697785e-07;-1.688634514282454217e-06;-1.015523775656466429e-06;-2.041323487879818960e-07;2.902966508617293941e-06;2.650041844042327716e-06;6.918257388541459365e-06;9.727188643385914358e-06;1.493997436655743977e-07;-2.317473862869054208e-06;-3.341861802357780219e-06;-4.010161722096993753e-06;-4.027394033758730218e-06;-3.718115462126602627e-06;-7.722847263069446977e-07;1.304567737729875517e-06;-2.312668039736415635e-06;2.759039914287160918e-07;-2.253828946548009665e-06;6.653748023590963197e-07;-5.385472186165364175e-07;-3.846763733349633818e-06;-4.933234179944289319e-06;-3.479154772857652538e-06;-4.447939250306245698e-06;-4.676970912617096335e-06;-1.956268706778798936e-06;-4.574940479337920095e-07;-1.393716390905468105e-06;-6.638403203704179270e-07;-5.632403568663983710e-07;1.075988525994178808e-06;3.823723964581830766e-06;-3.403024719319336775e-06;1.174800323453071893e-08;-5.082676770007480007e-06;-3.563030401209788119e-06;5.771388011653232389e-07;3.552187129212419195e-06;-1.319508157703052036e-06;-3.302637342160037219e-06;-3.269417448617396562e-06;-4.084739736886832672e-06;-1.603189461231772727e-06;1.359738519473329327e-05;1.011559103572843474e-05;1.613981691089059984e-05;1.091148382251269594e-05;1.326226315439260911e-05;1.260849761130565817e-05;6.526966228039490828e-07;-5.442820167605899396e-06;7.105329302983453706e-06;-2.607943458127349222e-06;8.787739454706529582e-06;9.694335280414974732e-07
2.283461447253593031e-06;1.456857489872119514e-05;1.331048131071009656e-05;2.102982492316903104e-05;1.917040119219615797e-05;1.479458518908290180e-05;7.576596657444663987e-06;-4.920281996563230797e-07;1.085147092683589106e-05;-1.892000423752047520e-06;9.141128059483404942e-06;-3.367089720485220601e-06;-2.600217497110589415e-06;3.690699222176740218e-06;2.894129641533617850e-06;8.482258856645348387e-06;7.167032774686957947e-06;7.758639856136514054e-06;1.073193022273848594e-05;1.135581765822077413e-05;1.131193963860059471e-05;7.235032327327287846e-06;8.059638232249556736e-06;3.746378993326807400e-07;-4.841411485853607597e-06;-1.595614764956221002e-06;-2.771127618235264302e-06;2.663562432369692920e-06;-7.455727355993519308e-07;-2.766208868654267163e-06;-3.506570863683930288e-06;-3.735178017550584994e-06;-1.328917867783891521e-06;-1.621372846974427146e-06;2.249467268209283711e-06;5.429555141875744272e-06;-6.089863289641816397e-06;-4.060021535091821725e-06;-4.517940807805716253e-06;-3.480687959237465292e-06;-3.654623712593708431e-06;-3.720957856182231138e-06;-1.780594428003475859e-06;-3.588788187230438362e-07;-1.707734905686551820e-06;5.084437426368129624e-07;-1.363366466303659886e-06;5.125690921564953506e-07;-6.575832784901535410e-06;-6.481097341972604810e-06;-6.801075036533433037e-06;-4.431531038843815054e-06;-5.583977136438757446e-06;-5.930001388562276915e-06;-3.077148225343105164e-06;5.611617138113496168e-07;-1.297397543157355155e-06;7.687107590360487756e-07;-5.711184416606264106e-07;1.221512167949822788e-06;-3.291966293033798741e-06;-6.689327565115755940e-06;-4.489042914439586545e-06;-8.621092562758809645e-06;-8.333106595138365573e-06;-5.765084757330860971e-06;-2.419264002033865156e-06;-2.466791428887760482e-06;-9.240595195314478479e-06;-5.738714698818007202e-06;-8.656272928293222982e-06;-2.441822956279510192e-06;3.260232261357616636e-06;5.651898810428090204e-06;1.516399543755826275e-05;8.279678493496620838e-06;1.417167569095666092e-05;1.856452055305392995e-05;1.025777248371215787e-05;-2.058957612275107065e-06;1.232819584523367949e-05;4.196555913900484362e-06;1.074267768011713111e-05;6.343530354513191124e-06
7.173758741949599295e-06;1.755463756384544944e-05;1.848133721077849746e-05;1.917040119219615797e-05;2.133624670207812202e-05;1.835498729393034032e-05;8.258990832119471272e-06;-2.108443094213699053e-06;8.929344224000751015e-06;-4.539319855052563075e-06;4.956782893300945948e-06;-6.042979572887281843e-06;2.854540738709098099e-07;7.548097764262758654e-06;3.157857411131813640e-06;1.040280370513394042e-05;7.463315118841070863e-06;6.380611449505039874e-06;1.037574260924462514e-05;1.108248103357033555e-05;9.173439980799337256e-06;4.373463406458106078e-06;6.128197426249813544e-06;-1.560453979985956470e-06;-3.416053967873278459e-06;-2.300139267181830488e-06;-3.387674633112578697e-06;1.872088716737902047e-06;-1.303002691106557779e-06;-2.554864351814914572e-06;-2.067145965726211167e-06;-2.003177561648503209e-06;2.480672001182673240e-07;-4.093609726468622664e-07;3.721254713168031640e-06;6.826454271009927670e-06;-4.139355800439346130e-06;-3.582548803203267692e-06;-3.520115926884358661e-06;-3.342534584393914220e-06;-3.299440707704302053e-06;-2.990236708750748532e-06;-9.737475234287123942e-07;2.353436300256283061e-07;-1.795313052550478143e-06;-5.424073354632252643e-08;-1.587818506264595801e-06;5.955315081665519864e-07;-4.762176377742988585e-06;-4.921450396636046643e-06;-5.863378687732264145e-06;-3.239194556356610605e-06;-4.504311199317791390e-06;-5.109390470799826211e-06;-2.391041199833555922e-06;3.062057618692815537e-07;-9.151674445110370009e-07;1.183932834745946392e-07;-2.213596853524326353e-07;9.986517232250837216e-07;-1.994086674680091901e-06;-6.459696350479081684e-06;-4.830798356972156599e-06;-7.936348777430063140e-06;-7.982361242889214999e-06;-5.326200707939794124e-06;-1.220698056318273008e-06;-2.309525632082197658e-06;-7.658955686450512513e-06;-5.103753902423002342e-06;-7.168195125136426762e-06;-2.106230531363652157e-06;5.814457345056968622e-06;4.911902804431446334e-06;1.376644747659010909e-05;7.127946206445495371e-06;1.167894182931468133e-05;1.485025012269666178e-05;5.466758638881588503e-06;-3.855633475355990552e-06;1.016159735848207799e-05;2.591429537535788758e-06;1.012912496999084006e-05;5.019218612533266866e-06
5.888706275229446873e-06;1.274682220101721345e-05;1.671054140949919389e-05;1.479458518908290180e-05;1.835498729393034032e-05;1.851471822521189492e-05;1.076695485743799103e-05;-1.805465884286507867e-06;8.672096811552731268e-06;-4.563474688569930452e-06;4.001376992096674307e-06;-5.353735699315041296e-06;1.316488165223868656e-06;8.056569400711619523e-06;2.712474155833517080e-06;1.169434335443957487e-05;7.116634964135800519e-06;3.984525369459101752e-06;6.954452662275012634e-06;9.380811156892665425e-06;7.440999377411750507e-06;3.679838977707425979e-06;6.702778701860258668e-06;-1.194032159018965017e-07;-1.408767964900081569e-06;-2.075361670399754387e-06;-2.490144728512470743e-06;-1.896889180012399428e-07;-1.825606349307794824e-06;-1.889386074102842246e-06;-9.224135065193457827e-07;-4.841047453704326087e-07;5.717313779713483371e-07;6.761385993733456715e-07;2.744957448968821241e-06;5.766176654754631149e-06;-1.694107273194971131e-06;-1.226265366601498590e-06;-8.380022354901816929e-07;-1.406972342157083190e-06;-9.250758270351049884e-07;-6.333111024883586176e-07;-4.210086650941794069e-08;2.701410974771519544e-08;-6.747027202652905007e-07;-2.294375517448952581e-07;-7.969056674886014915e-07;3.334527716931993808e-07;-3.216160772994028543e-06;-2.344373714381323321e-06;-3.406932634440212288e-06;-1.200355627148707277e-06;-2.148631122803971153e-06;-2.429074845219821016e-06;-7.443299650835308695e-07;2.668151699956310622e-07;1.029113190631987626e-07;-2.121907705269256805e-07;1.944193784155298894e-07;1.824165133586353564e-07;-2.605540597978486603e-06;-4.717003848907814643e-06;-3.962485954548305863e-06;-4.776497086818446161e-06;-5.280685567060247712e-06;-3.596471829516908613e-06;-7.095276127049938281e-07;-3.114961146700779702e-06;-5.984754983835781527e-06;-5.362331333586604561e-06;-5.351928903441495468e-06;-2.311391121300847776e-06;2.686746545130997253e-06;1.651082430754888216e-06;8.276881117648207539e-06;5.993677375102794734e-06;8.584473762655824618e-06;1.119007735378638214e-05;5.600370021841682430e-06;-1.776236295837136938e-06;1.131101026236707269e-05;3.778557576865623173e-06;1.071341962177937335e-05;4.418915767245982044e-06
-8.780874882503104550e-07;1.347512868153901335e-06;4.542885722053118108e-06;7.576596657444663987e-06;8.258990832119471272e-06;1.076695485743799103e-05;1.369293213229032213e-05;4.380966375603369269e-06;1.108227354727761467e-05;7.646305142277135816e-07;7.740244069533727008e-06;5.451364367769068896e-07;-8.839980984912045809e-07;9.827532096156771765e-08;-1.650229614695132785e-06;5.168302062936209627e-06;8.245419019433696678e-07;-6.211469306975491625e-07;2.051068707434338408e-06;6.095250623904566005e-06;4.521205089257591345e-06;6.218940184069222020e-06;7.522101018981798891e-06;6.892003163352311469e-06;5.547262848196020085e-07;-7.878036142053731775e-07;6.497637861270136877e-07;-1.083545850572512446e-07;4.163658978268756355e-07;1.013974844727270921e-06;1.057225907434040938e-06;6.980443579523100353e-07;1.376336841490840535e-06;7.872139858344228196e-07;1.565352494731637538e-06;1.850549724674743338e-06;1.578138960217458618e-06;1.858269668421484167e-06;2.224531471034063818e-06;1.829862403110140049e-06;2.227835958934157775e-06;2.179678010583995469e-06;1.308534827878040354e-06;1.805956894166456019e-07;1.800511759363884238e-06;1.043663278942030917e-06;1.699266110089697050e-06;1.092914596574939448e-06;7.162144236486917481e-07;1.491606024807626093e-06;8.633434227077307815e-07;1.243204633163184060e-06;1.031765813788548908e-06;1.068369825220768263e-06;1.437180510127260989e-06;2.186849893762338130e-06;1.851778605892154602e-06;1.569457911756063163e-06;1.418114705722155838e-06;4.834836066489400421e-07;-6.657382572823780285e-07;1.048862949272263852e-07;-8.359357329721138087e-07;-1.700058302603389239e-07;-8.754427653610472982e-07;-1.822471036533470760e-06;-2.841008427592160057e-06;-4.886410800689588715e-06;-3.736273730692041074e-06;-4.519944294104197413e-06;-2.381903295371064596e-06;-7.909872275115067496e-07;-1.541045663342724237e-06;-1.257619856519304956e-06;4.918129401496134731e-07;1.596580220364805785e-06;2.714602852755837983e-06;5.433220773477514607e-06;8.904753388520155060e-06;5.570972673754121034e-06;1.061285485311987558e-05;7.350304104443108576e-06;7.307474387306869309e-06;2.289197153590147528e-06
1.344664925871720460e-07;-1.999809394783681961e-06;-3.802355403991249534e-06;-4.920281996563230797e-07;-2.108443094213699053e-06;-1.805465884286507867e-06;4.380966375603369269e-06;8.190880819937007104e-06;6.229981176923876593e-06;6.324072560070358505e-06;6.082662628482467185e-06;5.742040268715237371e-06;1.198129235148163506e-06;-2.962964416101001832e-06;-9.389334648635774826e-07;-4.565622881433584577e-06;-3.496855904767671523e-06;-7.244261089911661375e-07;1.451857662241457509e-06;2.101736001611183582e-06;-8.842566261745892083e-07;3.414101365816301143e-06;-2.927425226925419755e-07;4.991448367602363229e-06;2.278119269256638875e-06;2.550721827294457104e-06;2.416043958952313887e-06;3.661639233973192292e-06;3.384580075262265962e-06;2.212319618159592221e-06;1.230170965724798804e-06;1.347892394736227045e-06;3.014250104856991449e-06;2.108579493915198836e-06;3.593949415092153175e-06;1.480337495314655586e-06;2.131760364338843959e-06;9.265511702948216270e-07;4.959354536606986714e-07;4.712907857128048759e-07;3.838717898847672461e-07;4.483574803594304804e-07;8.421269081322734505e-07;8.226670678906182407e-07;1.075080813949005603e-06;1.430031225400186167e-06;1.067149461755385121e-06;1.198873455866502027e-06;3.386039351621033101e-06;1.412714441613436949e-06;1.997957373268171509e-06;4.243700719722121088e-07;8.072333277313621887e-07;1.141518899981584816e-06;6.129538895135979164e-07;1.407306996728450481e-06;4.904139016094006314e-07;1.525970222672289266e-06;5.955972167370268979e-07;9.155535111559981573e-07;4.371280030871198540e-06;4.300486439264806418e-06;4.839145172648244407e-06;3.010858522009560819e-06;4.142286331169942545e-06;3.334402944982404362e-06;-2.833830856490311156e-07;-2.247414368824784669e-06;1.151223535066802967e-06;-2.951749057816148662e-07;1.168698008684628888e-06;3.840598223660125736e-07;2.352337771887990187e-06;3.127558298094033841e-06;2.685671158829881647e-07;1.075234418674816550e-06;5.456520871957403864e-07;5.365455198660098680e-08;4.757039288511672007e-06;8.154665473205932813e-06;2.911508984832179771e-06;5.021797947971422488e-06;7.537762650262099203e-07;-9.999475621140037536e-07
-2.593611669038273939e-06;1.010361280468802707e-06;2.183711105203988717e-06;1.085147092683589106e-05;8.929344224000751015e-06;8.672096811552731268e-06;1.108227354727761467e-05;6.229981176923876593e-06;1.562946161442055261e-05;5.505374795759661492e-06;1.419806000566900963e-05;4.170043449377529627e-06;-2.016514733019410249e-06;-2.785876656200681906e-06;-1.986219553115529180e-06;1.024813070057715656e-06;-7.800778736602516422e-07;7.542338566368043556e-07;4.292145094854809822e-06;7.574397368294142823e-06;5.944724006147150021e-06;9.296107579655286173e-06;6.435427850713208787e-06;5.832596718867786971e-06;-5.980953884281126475e-08;-5.882757062886582524e-08;5.771787507631962228e-07;1.973991318269086406e-06;1.367390904686885977e-06;5.267327815989783780e-07;-9.733332808080142169e-09;2.418165833975316966e-07;1.598288153536500846e-06;1.504617513081017604e-07;2.313679173444166839e-06;1.217271434541583027e-06;6.169697064115059607e-07;6.692734102056982375e-07;9.270910644363289789e-07;-1.344902202775088906e-07;5.771553131633354339e-07;1.065844702942449068e-06;1.126992169356529973e-06;3.927033588641031701e-07;8.472474350602352982e-07;8.789164319788965569e-07;4.322246654887065875e-07;1.102289811936834118e-06;-2.573189503046066865e-07;1.248328577047607416e-07;-7.375065942070103233e-07;-8.516526071317969229e-10;-7.099479993369795861e-07;-9.209845688079030749e-07;-1.441939737270878760e-07;1.839319984055067918e-06;5.361502803726979940e-07;1.533908448505787497e-06;6.502000493957339034e-07;6.529050182807340567e-07;-1.017939933604677488e-06;-6.641247533485943218e-07;-9.369298099611728684e-07;-1.571315512146484862e-06;-1.676270708127688935e-06;-2.672743001754884097e-06;-5.219737382097671845e-06;-7.447995440290888973e-06;-6.016620664814116948e-06;-6.805764018935044588e-06;-4.568315905963765465e-06;-2.372299050355851540e-06;-1.989913427636257162e-06;-9.572740919187023757e-07;1.039970030087391900e-06;7.837501132315973365e-07;2.546261728415206822e-06;6.201537222625650263e-06;1.138441800373229808e-05;8.104385823044466471e-06;1.020824589596865088e-05;9.675041495820561449e-06;6.225779120503339407e-06;1.999028528811347431e-06
3.985607177091195692e-07;-3.645838575803173324e-06;-5.502689401815280058e-06;-1.892000423752047520e-06;-4.539319855052563075e-06;-4.563474688569930452e-06;7.646305142277135816e-07;6.324072560070358505e-06;5.505374795759661492e-06;9.342323709834412826e-06;8.021825938036567969e-06;9.317738120656988358e-06;2.803542425128999285e-06;-1.939002698854858504e-06;7.348057229461569180e-07;-4.185244538254912618e-06;-2.000666980206371356e-06;2.210255793821173064e-07;4.698078704708192921e-07;3.409489502385424726e-07;1.108183903559984239e-07;4.308319119784119054e-06;4.719421514107658718e-07;4.052705109090003998e-06;3.559561823113238440e-06;3.514539803240224100e-06;2.506624840644089957e-06;3.277801085534228975e-06;3.115673204419395528e-06;1.717898625223226096e-06;6.699179998113313557e-07;1.253073224851087673e-06;3.016917199738795367e-06;2.213566195131841263e-06;3.213905029254451005e-06;8.847893405337982163e-07;2.715245673168578871e-06;9.185435483948603673e-07;1.561954092452502948e-08;-8.505828860355805957e-07;-7.208299792311901850e-07;-4.549002979597624404e-07;4.202323057632340142e-07;9.432832523579503575e-07;-2.201573937572403876e-07;7.980062332038725492e-07;-5.707220901109399044e-07;5.682378548278824941e-07;3.183210202503316108e-06;7.404216594946564860e-07;9.494875792386430824e-07;-6.049698907825329449e-07;-4.385891699416445836e-07;1.210353434204524229e-08;-1.591833039656988393e-07;4.200633740086247816e-07;-7.528844359066625812e-07;5.503004231344036909e-07;-5.170482413441092122e-07;4.134758108114205208e-07;4.183239746029741869e-06;3.887551068613785282e-06;5.245007977672325838e-06;2.800075668708357480e-06;4.495734238012230207e-06;4.160086899033145463e-06;-3.000901690017202313e-07;-3.808098799170823673e-06;3.686277217070132966e-07;-2.333456264230283203e-06;1.181039231081474282e-07;-1.302542745447723584e-06;1.950112428247217951e-06;3.036356116754127308e-06;-6.828177274808357052e-07;1.657169141312043725e-06;3.952731955360835668e-07;-6.866832297541329864e-07;5.418223665821633646e-06;9.259991377202937893e-06;2.538281170315351211e-06;5.266882623602541641e-06;5.561750556251407057e-07;-1.513878316410275370e-06
-3.564611029846637616e-06;-1.592700663191477923e-06;-1.526769652001359449e-06;9.141128059483404942e-06;4.956782893300945948e-06;4.001376992096674307e-06;7.740244069533727008e-06;6.082662628482467185e-06;1.419806000566900963e-05;8.021825938036567969e-06;1.600799910760680522e-05;8.511239109499148280e-06;-1.473226057659175553e-06;-3.366888728986210294e-06;-1.019842770045208790e-06;-3.649497805124089203e-07;-6.161997233194384383e-07;1.125990315799003444e-06;2.784522017086671283e-06;5.270062322638773025e-06;5.626840549690040987e-06;9.664534737286550905e-06;6.446541913919244965e-06;6.635027162320108214e-06;1.945423537076016156e-07;7.895161663203558086e-07;4.231641112616515700e-07;1.770583279592532633e-06;1.075241005585161784e-06;-3.153931493015381789e-07;-1.163236572449682206e-06;-4.882917343782630275e-07;7.523215591167858787e-07;-5.868463818482438521e-08;1.377564448935215162e-06;3.167319938625515781e-07;-8.995178757167643802e-08;-1.768837761232170811e-07;-3.456243358051726809e-07;-1.308035568488178408e-06;-5.887048197677873852e-07;7.190511015745867819e-09;6.625559053544363243e-07;4.536259832275967532e-07;5.453938766329318372e-07;1.334436930073426756e-06;-8.718679904391479099e-08;7.669560189095525960e-07;-1.139124392375803739e-06;-1.272052004505532161e-06;-1.929959274743221031e-06;-1.273260786624136651e-06;-2.031278629247535021e-06;-2.007423862113842067e-06;-5.914996030348923693e-07;1.619598856774873367e-06;-4.339549221337059560e-07;1.174331205120352726e-06;-2.913389158995832899e-07;3.216519198243815901e-07;-1.577382510520080777e-06;-1.297501280090600605e-06;-1.107048217228654050e-06;-1.873833167815500126e-06;-1.732073510333966402e-06;-2.426866341928440212e-06;-4.835151467272887879e-06;-6.991388646720188272e-06;-5.727503071907640303e-06;-6.632482706040706046e-06;-4.518336938161638830e-06;-2.471036901091085752e-06;-2.888679879496479403e-06;-1.433394065388852155e-06;3.900853762450793907e-08;5.189696670505165196e-07;2.145384321308889638e-06;5.997323552326537176e-06;1.383712019906885631e-05;1.054206424784739023e-05;1.010371617196124415e-05;1.035285567513671350e-05;5.641062125486260243e-06;2.376816292746064999e-06
6.554498311702034674e-07;-4.827236158790135420e-06;-5.882621169471311408e-06;-3.367089720485220601e-06;-6.042979572887281843e-06;-5.353735699315041296e-06;5.451364367769068896e-07;5.742040268715237371e-06;4.170043449377529627e-06;9.317738120656988358e-06;8.511239109499148280e-06;1.352799103115242028e-05;3.053102703680077460e-06;-1.249797982507803418e-06;5.331036291717273121e-07;-3.807639376839994825e-06;-2.216948318280707615e-06;-1.169482197832778325e-06;-1.881759060634698584e-06;-1.882204877918578183e-06;-1.804704444437392654e-06;3.006182757047121010e-06;1.181688751446060214e-07;5.314307205505101706e-06;2.800235305665763187e-06;2.701086762858071807e-06;1.305086685209195844e-06;1.796742983110351507e-06;1.819724285627885855e-06;4.742374277594835429e-07;-5.481998977436761298e-07;6.342447791194601452e-07;2.063460194291700827e-06;2.186699733215859091e-06;2.245550934985160980e-06;5.625728660715510516e-07;1.170735783869587492e-06;-4.040964725585153530e-07;-1.348117915094100210e-06;-1.592346751670123401e-06;-1.385706127588326233e-06;-8.608440999048831443e-07;9.485226948964711414e-07;1.688650267701539513e-06;6.331501452585451852e-07;1.913068559366549621e-06;-4.161833345961787756e-07;-1.615469684241969326e-07;1.468724284878570116e-06;-1.269726018635714145e-06;-8.638210904948089590e-07;-1.598429042093632206e-06;-1.744916784875631656e-06;-9.644301097929370682e-07;5.889334188709216895e-07;1.488491553798427634e-06;-5.281742555396745226e-07;6.815495302860227511e-07;-6.290056633132896769e-07;2.885123900879832460e-08;2.849839820842235607e-06;2.010481275975306353e-06;3.446962667140506656e-06;1.835246194303063184e-06;3.185117161464277076e-06;3.311657528473449147e-06;8.412779564667743108e-07;-2.138092398554955308e-06;1.122030374217056722e-06;-1.110069678921479609e-06;8.683546168746713470e-07;-8.405528355486523896e-08;1.138065211760159201e-06;1.089946855190771476e-06;-2.824091443506935003e-06;4.241873849297056676e-07;-1.316213557186856676e-06;-1.946466226738420884e-06;8.281130452223898903e-06;1.388585168384011996e-05;3.926982918183324955e-06;7.817244105649564679e-06;1.547534724578049983e-06;5.148273438693362860e-07
2.588116266757271185e-05;1.069021307335608591e-05;9.854712400862374351e-06;-2.600217497110589415e-06;2.854540738709098099e-07;1.316488165223868656e-06;-8.839980984912045809e-07;1.198129235148163506e-06;-2.016514733019410249e-06;2.803542425128999285e-06;-1.473226057659175553e-06;3.053102703680077460e-06;2.986536991140938815e-05;2.035987513019906362e-05;1.886794538849668839e-05;6.399775984336372275e-06;1.009560105757078446e-05;8.599935683156320330e-06;4.418043640308832239e-06;3.514928409128246018e-07;1.033000672423730615e-07;-2.470770175283962701e-08;-5.819096695853678645e-07;6.384875162894309835e-07;2.700711749141002427e-05;2.108967186342343428e-05;1.497873906332302383e-05;1.169945214652334631e-05;1.179769674882645279e-05;7.505482981152310459e-06;1.523448192517151948e-06;1.980442482001061195e-06;8.236415787847227150e-06;6.136687893928074586e-06;1.036831281422318684e-05;6.431078045338121168e-06;2.113522525774124544e-05;1.302913391506393045e-05;6.628131863857342372e-06;1.561335731887225404e-06;2.171609609332704496e-06;6.981966415807304835e-08;-5.121395016256158566e-07;2.237173028584446315e-06;-1.571803785577914696e-06;1.269554926956742201e-06;-2.253442227253299981e-06;-3.874620768278237389e-07;1.667653993045910808e-05;6.409749290843469994e-06;3.187940686361440815e-06;-2.117239913785740453e-06;-1.550607419369269460e-06;-7.156464468818444178e-07;-1.225086142164537898e-06;-7.212075361062900281e-07;-2.485552277502239259e-06;1.376269042120835385e-07;-1.749043533632828004e-06;1.405564528114468041e-06;1.921130157018734311e-05;1.190515900390239460e-05;1.782069902161182974e-05;7.333969280382985896e-06;1.395837262764087187e-05;1.678047584500090298e-05;5.179140693485990460e-06;-1.175903208526017275e-05;1.955894531560190267e-06;-9.130267601389771697e-06;-5.876087491890013935e-07;-5.107539610546997065e-06;2.116962733975588786e-05;1.799810429337918267e-05;1.126160628875518560e-05;1.483163977025375123e-05;1.132265304653572140e-05;4.405037680363431833e-06;-2.122842348700403725e-07;2.028996018466377590e-07;1.393106145101594830e-06;-7.559286690584677606e-06;1.025940072228887662e-06;-1.230981531403565896e-05
2.079364370894158385e-05;1.486587049857790831e-05;1.604435184803404299e-05;3.690699222176740218e-06;7.548097764262758654e-06;8.056569400711619523e-06;9.827532096156771765e-08;-2.962964416101001832e-06;-2.785876656200681906e-06;-1.939002698854858504e-06;-3.366888728986210294e-06;-1.249797982507803418e-06;2.035987513019906362e-05;2.163107110755306656e-05;1.844292908036757893e-05;1.347319264771314174e-05;1.534007202783210246e-05;1.150010660908167850e-05;6.424883070816831871e-06;2.301727284936267656e-06;3.706024201209583672e-06;-2.187944484105948419e-06;1.586042177777744741e-06;-3.062428985830615865e-06;1.316793406025551262e-05;1.250509464624068884e-05;5.603161728790179318e-06;7.123155445575285184e-06;4.775332275901631123e-06;1.039602198732996158e-06;-1.394066984569904949e-06;8.568251872196980205e-08;3.253525773434095555e-06;3.911976943240642791e-06;6.492744658651503550e-06;7.583848286998596107e-06;6.739582643525038092e-06;2.983690354366471629e-06;-7.980695865065648041e-07;-2.424837766777012594e-06;-2.289817038259338461e-06;-2.840107367905149006e-06;-8.103098695308775911e-07;1.382131210682000222e-06;-1.729594711160438106e-06;1.092598119560153247e-06;-2.232450847843088220e-06;-1.334129675548040834e-07;4.455141068339914558e-06;-1.391122897170512238e-06;-1.862937242929289354e-06;-3.197943798854215119e-06;-3.168711116742799113e-06;-2.182034454975467569e-06;-1.344125031137416941e-06;-1.739844107405225501e-06;-1.764211148503416643e-06;-1.188479348006891013e-06;-1.254953038183037844e-06;3.826027316004075043e-07;8.917539977028551178e-06;3.224043251329692590e-06;8.963123449790004374e-06;1.595998502342937293e-06;5.598037778065615459e-06;9.734183876957165304e-06;6.064368127300269807e-06;-3.854166874690592094e-06;4.708693070432730153e-07;-3.600856642500621208e-06;-1.529759891483970310e-06;-2.834038146647122143e-06;1.533103457959268125e-05;1.423718445151638883e-05;1.417755002513630357e-05;1.502078040874940849e-05;1.425246633181132994e-05;9.763337239491704596e-06;2.623197771146799172e-07;-3.999881899548277763e-06;4.562597478685081634e-06;-7.321247913624910358e-06;5.386304795014096455e-06;-5.919862768125743206e-06
1.554683076267219301e-05;1.066891997796295404e-05;9.134133352460988573e-06;2.894129641533617850e-06;3.157857411131813640e-06;2.712474155833517080e-06;-1.650229614695132785e-06;-9.389334648635774826e-07;-1.986219553115529180e-06;7.348057229461569180e-07;-1.019842770045208790e-06;5.331036291717273121e-07;1.886794538849668839e-05;1.844292908036757893e-05;2.213222334648096926e-05;1.137778010573846013e-05;1.707204131493503959e-05;1.669384402182924151e-05;8.125474573102642127e-06;1.031224768836231613e-06;5.686554219651363208e-06;-9.339063228178226207e-07;2.097571045113891137e-06;-2.276308848485771314e-06;1.373127671774890531e-05;1.852152636538723494e-05;1.120725512947217133e-05;1.323404288402265641e-05;1.067167743442044928e-05;4.666885002823081149e-06;-2.464235654648351635e-06;-3.048618836502980079e-06;2.028506753383064269e-06;5.361194476274597378e-07;5.175453073735028260e-06;3.840082375105738509e-06;5.627322883894709464e-06;4.346013760787454686e-06;-1.355892283619513833e-06;-9.521692620597038107e-07;-1.906288596249399740e-06;-3.517920582478060457e-06;-1.733117432026453368e-06;7.853934937623403848e-07;-1.580257768377459951e-06;1.591059320463944221e-06;-1.915662461670141786e-06;-9.239387357797112623e-07;4.807518251585971841e-06;-1.675768847103814346e-06;-1.193256042216560670e-07;-3.570652335325086124e-06;-2.515348185016307146e-06;-9.158644021711190026e-07;-2.132953620318543311e-06;-2.133383501524080835e-06;-1.654528542306804000e-06;-5.556434826945234965e-07;-1.199137207965241751e-06;4.261631218780436619e-07;1.083104573360006177e-05;7.402017621436440393e-06;1.399641226417715521e-05;3.443830848254543618e-06;8.771532633604058057e-06;1.178455416677935054e-05;3.803719193843830905e-06;-5.180153627803419640e-06;-7.271161489097499319e-07;-3.519019378708483651e-06;-2.773955707838834499e-06;-3.200177208959761376e-06;1.403304754949407575e-05;1.814360083755800645e-05;1.599394765706296743e-05;1.621833256327091742e-05;1.627378357863155060e-05;1.123104561695103589e-05;1.440187596910506521e-06;-3.600529911822629355e-06;2.567167501594315074e-06;-8.456538656899900390e-06;2.132406963223117017e-06;-8.359310486761051351e-06
7.111619530434945628e-06;9.610866003145229926e-06;1.289235070178537256e-05;8.482258856645348387e-06;1.040280370513394042e-05;1.169434335443957487e-05;5.168302062936209627e-06;-4.565622881433584577e-06;1.024813070057715656e-06;-4.185244538254912618e-06;-3.649497805124089203e-07;-3.807639376839994825e-06;6.399775984336372275e-06;1.347319264771314174e-05;1.137778010573846013e-05;1.626190729320649243e-05;1.483236181910649169e-05;9.932186196100778146e-06;5.147644161865456823e-06;4.008119985770033178e-06;8.897643469305174300e-06;1.097022881999686635e-06;8.241944479588177890e-06;-1.210054541804958512e-06;1.944377461655440288e-06;3.510934042034236388e-06;-1.265226735239947304e-07;1.042650649277968480e-06;-8.320793931344016215e-07;-2.343710247491404163e-06;-3.224454524804428035e-06;-2.241237080013267996e-06;-1.840813363478173922e-06;1.311685852676110913e-07;1.040706956700492888e-07;3.869076472970504233e-06;-1.288980231814552446e-06;-6.776304382593064984e-07;-1.821832129280806506e-06;-2.124556270596271314e-06;-1.785307968974864173e-06;-1.881532009395342963e-06;-1.122042365448029247e-06;-2.863747569606617654e-07;-1.150875310488943072e-06;1.537317470930059631e-07;-1.734705603377951168e-06;-1.181741529866065811e-06;-2.916097488663398017e-06;-3.212232935612811891e-06;-3.058099296343432031e-06;-2.375929502105689874e-06;-2.575353784307216313e-06;-2.032790024160992655e-06;-1.410028205730407715e-06;-1.721599239455254854e-06;-1.126561383647222254e-06;-1.442584725449756421e-06;-1.193890280385008254e-06;-8.412581233769418617e-07;-1.023703320476514492e-06;-2.354002945881884778e-06;3.999915369724991040e-07;-2.529263420711405128e-06;-1.540749140143452103e-06;1.290911857472730487e-06;2.810587250506992365e-06;-8.674858366785650064e-07;-3.651481137708149375e-06;-3.547978850484927945e-06;-4.363089216918194352e-06;-2.800948212812602881e-06;3.471975886043843217e-06;5.590450212802381933e-06;1.006168517804996729e-05;1.078829098609317259e-05;1.238399828923430919e-05;1.229357703549084219e-05;4.449313299351065482e-06;-4.625452091133795602e-06;9.459798625219008024e-06;-2.173144327455879871e-06;9.374406697447405795e-06;1.657150688358771439e-06
9.484043567325466822e-06;1.066453496879229591e-05;1.092435815758242463e-05;7.167032774686957947e-06;7.463315118841070863e-06;7.116634964135800519e-06;8.245419019433696678e-07;-3.496855904767671523e-06;-7.800778736602516422e-07;-2.000666980206371356e-06;-6.161997233194384383e-07;-2.216948318280707615e-06;1.009560105757078446e-05;1.534007202783210246e-05;1.707204131493503959e-05;1.483236181910649169e-05;1.757245791213327778e-05;1.533446307938532958e-05;8.174350941906524998e-06;3.119474603540526282e-06;9.395423134356101260e-06;2.649521701198160235e-07;6.124852286800643848e-06;-2.783852822537651943e-06;4.745576158106400097e-06;9.453591323138301394e-06;3.468615760955292776e-06;6.887666524541244991e-06;3.577027438054468473e-06;-6.611238070430989150e-07;-4.522199693227702077e-06;-3.916825545762649137e-06;-1.429303283837759172e-06;-6.149240937877725910e-07;1.693258935766988503e-06;3.728863223996649556e-06;-7.553349797897947324e-07;-4.590501823993785720e-07;-3.274670722608704192e-06;-3.063263793719753770e-06;-3.203761149719406815e-06;-3.636896876842007883e-06;-1.887006527195059997e-06;3.402404297137243501e-08;-1.789897076291259043e-06;8.273513750245376099e-07;-2.510473080086859532e-06;-1.681339526637633824e-06;-1.355318401336603388e-06;-4.094615673422159673e-06;-2.960607718592945423e-06;-3.816981839784731898e-06;-3.571268657439361206e-06;-2.682372951848952074e-06;-2.666563235604264151e-06;-2.348720925923539555e-06;-2.130559544180446157e-06;-1.328325941487268862e-06;-1.825047001132737078e-06;-5.647821820608899491e-07;3.163182182967982059e-06;7.640883067472312415e-07;5.580612073777754596e-06;-1.431034837833488249e-06;1.549806794253655500e-06;5.001679867966555892e-06;3.445518737132816860e-06;-1.408882422970093862e-06;-3.044373399587236280e-06;-2.850216147737971593e-06;-4.548975297524390951e-06;-2.989049888768892264e-06;7.706975216097936444e-06;1.186475574846650539e-05;1.447205499983242483e-05;1.399122519140347862e-05;1.567417377715410055e-05;1.357321995958046067e-05;3.162610621180720724e-06;-5.376214074807576775e-06;6.304390122030601289e-06;-5.658789217200129416e-06;6.372746799668519087e-06;-2.056682286510958277e-06
8.529462953116574608e-06;1.111098830108977853e-05;7.890456994392529199e-06;7.758639856136514054e-06;6.380611449505039874e-06;3.984525369459101752e-06;-6.211469306975491625e-07;-7.244261089911661375e-07;7.542338566368043556e-07;2.210255793821173064e-07;1.125990315799003444e-06;-1.169482197832778325e-06;8.599935683156320330e-06;1.150010660908167850e-05;1.669384402182924151e-05;9.932186196100778146e-06;1.533446307938532958e-05;1.764427637202991216e-05;1.265018818899086714e-05;4.894502609450970441e-06;9.908307635836702029e-06;1.407520004582758252e-06;4.257741114081817214e-06;-2.582750971764052297e-06;4.373993315631428719e-06;1.168943024339379828e-05;5.926497720367096580e-06;1.286753718606074078e-05;8.240603126675832385e-06;2.113966837543399889e-06;-4.223925342971818836e-06;-5.165100333899549141e-06;6.672672311597909453e-07;-1.681856133542654571e-06;4.956544499822012924e-06;3.932401852261198044e-06;-7.412302370639746913e-07;-7.381899687431408732e-07;-4.051621448606577417e-06;-3.236088255694763619e-06;-3.976598188697532437e-06;-4.521116867207956851e-06;-2.109473212331893033e-06;4.002961829700722369e-07;-2.005489105650364896e-06;1.501371175433127840e-06;-2.527822479821778322e-06;-1.467569852676696790e-06;7.324669386045098422e-07;-3.660684146613285985e-06;-2.016913708171230123e-06;-4.161167848238823811e-06;-3.638320935595455044e-06;-3.009428706287545332e-06;-3.340391727467328386e-06;-1.386296997932047928e-06;-2.358085204118749395e-06;-2.088946374122757100e-07;-1.652402522138864159e-06;2.907380153807691236e-07;6.914004340950919281e-06;3.528352095030064524e-06;8.611330386861919487e-06;-1.297706041396067818e-06;2.669017646070219499e-06;5.507366302152077924e-06;1.286965785338729322e-06;-3.221456445583051176e-06;-3.620634450908543565e-06;-2.654061867362518223e-06;-4.863035566024525327e-06;-2.105529667088622243e-06;1.053419538531051674e-05;1.572277566359882769e-05;1.704526448663211296e-05;1.340388487749821355e-05;1.598166256918607522e-05;1.349144156544928323e-05;2.413301317991712796e-06;-4.504516979411345138e-06;3.129165306720095505e-06;-6.388713063356240860e-06;2.648274677891655551e-06;-5.011721489273090346e-06
