6.642730487947928490e-23;1.085379048043923438e-05;9.809916733134440553e-06;1.091216247547950857e-05;1.155221806323538887e-05;9.342537174966586861e-06;2.538030814793183950e-06;-9.880895852197098966e-07;2.484104229360708614e-06;-1.818893854306858869e-06;4.355463997403260322e-07;-2.751895146427941201e-06;-5.923552915409012629e-06;1.310769361812971359e-06;-6.265625870665462777e-07;5.264077171428724469e-06;3.767717087281447647e-06;3.922591884223944638e-06;8.531624188562189159e-06;9.030858524684976177e-06;5.370745639518217460e-06;2.241179996275520012e-06;2.291281545829160823e-06;-2.243227784855177975e-06;-5.482529142749888926e-06;-3.447761450517501525e-06;-1.956724385496266108e-07;3.251528965271029001e-06;2.173363013357960569e-06;3.276095613903925538e-06;3.019182371663346162e-06;3.469655545292303441e-06;7.101587661554042489e-06;8.928128939356663721e-06;8.951481749273691957e-06;1.158313558988093071e-05;-2.564795409852119552e-06;1.999793126203079960e-07;1.038617174729504940e-06;8.245323986372597344e-07;2.027442210195229843e-07;-1.369364703702311798e-06;-4.441448539852220545e-06;-1.964863602555649719e-06;-4.976167806755147870e-06;-4.284318421609457584e-06;-3.968974193921598436e-06;-1.706940324214020524e-06;4.379095837590077526e-07;1.954021284554460960e-06;3.089072614838970642e-06;-1.093416103807645550e-06;8.616184096447322646e-07;1.723688678994242529e-06;-5.291062415857504152e-07;-1.416323301174335503e-06;-2.579060421757309188e-06;-1.877106859953571050e-06;-3.615439175086503298e-06;-1.111256884656529453e-06;1.910890025225302206e-06;4.639726172559052214e-06;6.550691379345033771e-06;3.801668945435568759e-06;5.603310375170358062e-06;8.404953619897394552e-06;1.507420249899336973e-05;1.275920118824815210e-05;5.516870607877440860e-06;3.051042733193213294e-06;1.825264046113688272e-06;-1.772010250717627757e-06;3.995206920516487654e-06;9.616185445732746998e-06;1.322633058595194241e-05;1.444885038115682323e-05;1.475047047860251943e-05;1.341498338424486131e-05;4.180398939882153786e-06;7.075970317895140498e-07;1.368058241243991003e-05;9.770985280325798615e-06;1.799007701141642815e-05;1.938499070880476735e-05
-1.085379048043923438e-05;-4.285122315400168104e-23;5.611064117286680112e-07;1.242129083938365542e-05;8.370151884070956244e-06;6.651684560557516332e-06;5.343717676788626991e-06;8.561004187954929815e-07;9.008516230876192929e-06;2.208619069378535157e-06;9.380871391510870480e-06;1.358804356119250106e-06;-1.018391163436335647e-05;-5.828112398077600524e-06;-3.828736577710234892e-06;3.074401281720993640e-06;1.391152583081814660e-06;1.936178747400348718e-06;4.785021343530434852e-06;8.580329758538713365e-06;8.530541603980030816e-06;7.920679659900491993e-06;7.372081304463232208e-06;2.241974602121791343e-06;-5.570136960927351646e-06;-3.915442425084447361e-06;-4.707818262535065228e-07;-1.129591409643360296e-06;-1.012669937585799686e-06;-1.168100065638147166e-07;-1.689507205869593741e-06;-9.278491549084780293e-07;2.896933540285203793e-07;2.930317233492491073e-06;9.158477588291778156e-07;4.272239424230865832e-06;-3.048513435860612836e-06;1.427094219183304449e-06;1.602562333927966274e-06;3.831707510739489215e-07;8.150538580783478493e-07;-7.807615900144215915e-07;-4.488603945889015198e-06;-2.680408095522659592e-06;-4.077678127462397725e-06;-3.371559087800225450e-06;-3.900243476438180413e-06;-2.986278824825475058e-06;-4.016400525719751309e-06;-1.109449031705716409e-07;-4.108204925106289485e-07;-2.547596920583641931e-06;-1.722107497676833303e-06;-1.369740790286662143e-06;-3.007712875438720534e-06;-1.295342175895424263e-06;-3.464492177493319537e-06;-1.274222834867870429e-06;-4.116351215960210787e-06;-1.403624009997281930e-06;-6.047991360997141954e-06;-6.939707043086050979e-07;-5.770450934388746068e-08;-1.258982669398739762e-06;-3.984280970458392332e-07;8.646547543074540506e-07;4.870794470343632450e-06;3.134680086926812654e-06;-4.588827869860959217e-06;-6.416930418522806036e-06;-6.478241180952910330e-06;-5.980003865937712341e-06;-7.796193851250867262e-06;1.508662490814127561e-07;4.909770775586180214e-06;9.054385993080922549e-06;1.046338291072464399e-05;1.316605150080861478e-05;1.183976444879622401e-05;4.935653799742042193e-06;1.713216484813156245e-05;1.470770994172030176e-05;1.740044083865874896e-05;1.829600245556669039e-05
-9.809916733134440553e-06;-5.611064117286680112e-07;9.689093134028812580e-24;1.088864586841974567e-05;8.167990457096089942e-06;7.432096042413098181e-06;8.740719674673996843e-06;4.158278050219872240e-06;1.208540958125738226e-05;3.846926146231765307e-06;1.078420707994364549e-05;2.373603533544982722e-06;-1.049726934740162421e-05;-8.167556981375124702e-06;-7.145167446152107288e-06;1.967100488548995619e-07;-2.636487551881665930e-06;-1.119124806710482549e-06;4.320412574327893488e-06;9.112197873635205243e-06;6.750552763130264421e-06;9.063588280357598437e-06;6.705107852883105197e-06;4.188780959055061895e-06;-5.604476410047830319e-06;-4.865235957690440603e-06;-3.327135120994036050e-07;-3.446870379448583142e-07;2.290716156585277578e-07;1.489957773457576043e-06;4.680797589679998025e-07;1.563761558212274300e-07;1.993935058448159619e-06;2.185695834578798808e-06;2.251070710925245621e-06;3.640529766805089041e-06;-2.267999766419493416e-06;1.031242685115560825e-06;1.694542527327904281e-06;1.197848255935948132e-06;1.305021918515788529e-06;3.947320620485591320e-07;-1.894298904899938688e-06;-1.358970053778154695e-06;-2.104035033261894561e-06;-2.034769844990712464e-06;-1.863435948253569035e-06;-9.772654855931136409e-07;-2.015332786855138340e-06;8.625635077841564000e-07;8.027697360745009712e-07;-4.992736722407205457e-07;2.841959851135134837e-08;3.609505950640066276e-07;-4.422759175104731135e-07;6.338990686493157498e-07;-4.863442993790604555e-07;4.203110454827031277e-07;-1.158795839316818348e-06;-1.881834159247969857e-07;-3.608224950510487390e-06;4.837910688347812800e-07;1.291402726240581523e-07;-7.443306178878863093e-08;1.895291881594431821e-08;-7.577104928301358953e-08;2.372535686254663218e-06;6.725811313270197055e-07;-3.590090127539192818e-06;-5.438062389847632980e-06;-4.077488139773489938e-06;-3.642911702040473545e-06;-6.048125246089556848e-06;-6.876169836923777279e-07;2.244896830615906488e-06;4.969240365706956138e-06;5.958916725339064142e-06;8.801417989769137314e-06;1.092954769172390614e-05;8.002239963895444724e-06;1.496803623304645650e-05;1.577104092678784978e-05;1.435988903685366265e-05;1.525267084864314345e-05
-1.091216247547950857e-05;-1.242129083938365542e-05;-1.088864586841974567e-05;3.342322612969944344e-23;-5.119876582411269079e-06;-3.745887493488351604e-06;3.915303055569588349e-06;5.331347448738801888e-06;9.023670237915214893e-06;9.472534629880924095e-06;1.275767299370245334e-05;1.097738290626142969e-05;-4.310399749027817509e-06;-8.380523510254690530e-06;-4.580929504630853125e-06;-3.869880782145609998e-06;-4.146014925037076774e-06;-3.260183873016490866e-06;-2.974723022404799959e-06;1.104060717787610259e-06;2.387173554148393167e-06;7.910140830119815315e-06;4.992073604817045007e-06;6.947705381873485284e-06;1.495166107687499242e-06;3.729584973278601692e-08;2.095761319323748580e-06;-1.924937668380445525e-06;9.623746256227763451e-08;6.431082405480059260e-07;-1.060212722465046092e-06;4.214196407141041249e-08;1.584769152301268937e-07;1.391460013995357351e-06;-1.388344709837191469e-06;-2.039753150812448621e-06;3.054524908869153081e-06;3.901265572401507458e-06;3.620906885881595934e-06;9.886493362421512369e-07;2.170060105438425737e-06;1.700358579195703198e-06;-1.067370685435769234e-06;-9.786034007547869167e-07;-8.901048155488249985e-07;-9.158328879990795497e-07;-1.826949059056308010e-06;-2.160547654299369575e-06;8.014478477775723200e-07;2.612471037641895381e-06;1.506041028554999097e-06;-4.210744902448372356e-07;-1.261408063436421688e-07;1.544181446426887564e-07;-1.220329974264559181e-06;-7.595293431754617085e-08;-2.190140484344976937e-06;-4.802518084076553281e-07;-2.692108462003695621e-06;-1.454130314823710569e-06;-3.395085759083575488e-06;1.794033612958285489e-06;9.646045823724483740e-07;1.956129427401752723e-06;2.601780618226630455e-06;1.301703476749211520e-06;-9.218540352803416858e-07;-4.786029336514443034e-06;-3.519827859994803459e-06;-8.115957076759225730e-06;-3.948120600261045097e-06;-5.209846998586208730e-06;-1.006952695252679122e-05;-6.037849182725584439e-06;-8.342710406639848293e-06;3.517527634425155158e-08;-1.815248200396074023e-06;2.568332392831000643e-07;1.250742130962177470e-05;1.346030532821604376e-05;1.094004460912655838e-05;1.472581212033018152e-05;8.015032002931607666e-06;8.010202007362088965e-06
-1.155221806323538887e-05;-8.370151884070956244e-06;-8.167990457096089942e-06;5.119876582411269079e-06;-5.867101744400449506e-25;8.558376787111861608e-08;6.666401028040531534e-06;6.580232823123236800e-06;1.251593130481121610e-05;8.849716935915085555e-06;1.411664686890561867e-05;8.003603488165845519e-06;-7.334360297323890050e-06;-1.006990968656607690e-05;-5.968674339061285699e-06;-3.807545933135614252e-06;-4.498704008365087238e-06;-2.028792497806891370e-06;8.069717844466569823e-07;5.152869126597593877e-06;4.869024782459714210e-06;1.011622720060060926e-05;6.146524998880188129e-06;6.811775557543919564e-06;-1.117758566025543295e-06;-9.518867991855469258e-07;2.267276963440462061e-06;2.312491140491337326e-07;1.626120477503237139e-06;2.046442276653571096e-06;1.260139247554135970e-07;6.314454244707404333e-09;1.247790833318923610e-06;9.566741916681594531e-07;3.900972572793268837e-07;-4.239365649640501780e-07;1.130823033962401642e-06;3.062870328817399792e-06;2.952107931860327283e-06;1.526609190710469011e-06;2.047602482994481050e-06;1.399889354223781509e-06;-9.475206118050922663e-07;-1.055711137744002153e-06;-9.445676169076581407e-07;-9.827285109789456307e-07;-1.133732220373843955e-06;-7.787939190139174158e-07;2.639441038646364896e-07;2.234113628989085260e-06;1.776377956507761867e-06;4.332778896672536764e-08;4.242456004500486466e-07;6.874417976081527954e-07;-6.629426995354678943e-07;6.215598019089627897e-07;-8.534816672056085149e-07;5.525324917927559446e-07;-1.259578366935739593e-06;-3.777960690774758165e-07;-2.541963447942125991e-06;2.310643191896043999e-06;1.779499526599096498e-06;1.635034871317785147e-06;2.251080693804526383e-06;8.718854292183038389e-07;-1.414381262818314469e-06;-4.435715982563291628e-06;-4.112841768010136161e-06;-7.467232932153834608e-06;-4.079765690157383108e-06;-4.344584857334325069e-06;-8.314495422293233796e-06;-2.949019029343766996e-06;-3.656940567015184303e-06;1.619394871938223705e-06;1.333155922598585463e-06;3.929091555639351655e-06;1.248936350226709000e-05;1.175501661982314274e-05;1.184152236613028306e-05;1.499900256883228598e-05;9.011362929172602780e-06;9.042224749637519667e-06
-9.342537174966586861e-06;-6.651684560557516332e-06;-7.432096042413098181e-06;3.745887493488351604e-06;-8.558376787111861608e-08;4.006193875159754145e-23;7.381323410577738262e-06;8.531964204300393424e-06;1.219114239939869863e-05;8.461491426342501404e-06;1.235761288849525701e-05;7.187765569268722011e-06;-7.201101782925679401e-06;-1.068323218637107256e-05;-7.532543486966108703e-06;-6.025768954713466660e-06;-6.905541944419705565e-06;-3.624457329279880746e-06;7.701884796764202671e-07;5.042683038881658493e-06;2.590505140529338867e-06;9.093361503916968063e-06;3.963460787200528690e-06;6.973008927138849738e-06;-1.740802781467534182e-06;-1.667861301723968657e-06;1.914683788320430995e-06;1.078113542710878854e-06;2.367601099197645253e-06;2.911292182293733019e-06;1.614928383436392360e-06;1.142230008987573561e-06;2.664777085159890257e-06;1.368463173583582019e-06;1.840149264540471131e-06;9.806590552234472000e-09;7.402036213651705449e-07;2.029907689121057609e-06;2.227185402481482562e-06;1.847787312502112497e-06;1.946513578290541446e-06;1.600332570393284322e-06;4.224031245758123362e-07;3.772277166726886158e-08;3.326943112128497622e-07;-2.240442999404626636e-08;2.338520892479912362e-07;3.937326892567286779e-07;1.331882977360845656e-06;2.175545119249024773e-06;2.347864453108193757e-06;8.128168626567829358e-07;1.220562389527906564e-06;1.664746420292513046e-06;8.885180435761309124e-07;1.710341832097725661e-06;8.286210970282375109e-07;1.658385117899219055e-06;3.945011161653965408e-07;5.423775390732196818e-07;-1.461975105944835551e-07;3.334102988992533107e-06;2.639807626787092280e-06;2.581763315940970184e-06;2.924806473574435312e-06;1.199989282924764344e-06;-1.122315160852466213e-06;-3.159954655134177398e-06;-2.019904114845228154e-06;-4.624377261479496595e-06;-1.611822319227013020e-06;-2.051542673944658862e-06;-5.210132862078858219e-06;-1.513622173833898290e-06;-3.148550788389993887e-06;2.043264290835922990e-07;-2.086829476733888468e-07;1.669466201645192583e-06;9.936073513538116211e-06;1.201603795726807763e-05;9.257177425201031223e-06;1.412909586601200076e-05;6.849673255980578603e-06;7.686750381326596567e-06
-2.538030814793183950e-06;-5.343717676788626991e-06;-8.740719674673996843e-06;-3.915303055569588349e-06;-6.666401028040531534e-06;-7.381323410577738262e-06;1.678140555708096302e-23;8.987395864470390378e-06;4.338341569321370179e-06;8.398899820322077445e-06;5.761416978922346015e-06;8.026640662285012035e-06;-1.117723321269153728e-06;-7.236161357396971062e-06;-4.024179699911276684e-06;-1.016217923127185144e-05;-7.684994189589824720e-06;-3.295871871538884686e-06;-5.119383444899886465e-07;2.193172522736744844e-07;-3.683437621405363876e-06;2.841145371604006638e-06;-3.612366420180989001e-06;4.169735835705525658e-06;1.145447802916909404e-06;1.440832153229743175e-06;2.158089759049030869e-06;3.153440794804583594e-06;3.356894984311570070e-06;2.395409311804780796e-06;1.165750213951429597e-06;1.668904735301060225e-06;3.335834828641389465e-06;2.472837577019230723e-06;3.310727111455666988e-06;3.526303741410633138e-07;1.569532975526363894e-06;5.182040402522645291e-07;1.403639636282522219e-07;1.562590553140800923e-07;4.826279871440764709e-08;1.499243513567951746e-07;7.565991301743692555e-07;1.216428305218887700e-06;7.297035527305285914e-07;1.127611203661588523e-06;3.345803806189236106e-07;3.520616153793730068e-07;3.385079570188613276e-06;1.230967850437362074e-06;2.108589810294807391e-06;3.627738594234301502e-08;5.995549050725860091e-07;1.178273814519977109e-06;6.654131446147055182e-07;1.186112246407720705e-06;8.003560869318384860e-08;1.268568823522084958e-06;4.127091462942844122e-08;6.822345086695809571e-07;4.365066496230692333e-06;4.804322030738607199e-06;5.067012252022342100e-06;3.620812915840607853e-06;4.737197364260973718e-06;3.566185800114043666e-06;4.446855406035153305e-07;-4.346656410069717469e-07;2.142075691077455460e-06;6.091850639633545546e-07;1.877534408707401161e-06;4.211021410234812518e-07;1.141017328626010213e-06;1.985882976184876364e-06;-2.455486463509295243e-06;-1.069766850920182433e-06;-2.492322510443104076e-06;-3.607030220618163246e-06;3.224254028746011864e-06;1.034556243327420245e-05;6.597336796956315224e-07;7.335538389682875983e-06;-4.680375544845081087e-07;1.390628574394644477e-06
9.880895852197098966e-07;-8.561004187954929815e-07;-4.158278050219872240e-06;-5.331347448738801888e-06;-6.580232823123236800e-06;-8.531964204300393424e-06;-8.987395864470390378e-06;-2.332767574132124480e-23;-6.235866587419740302e-06;2.201788124939536087e-06;-3.609199512759534472e-06;2.213828403856107313e-06;8.622199795286994673e-07;-6.182105375687354722e-07;1.221544974783517714e-06;-4.880025937343537329e-06;-1.089823992426070413e-06;7.357343688259565975e-07;-5.764006394682654244e-07;-3.137165542288746281e-06;-3.150691384911640222e-06;-3.303794083075776686e-06;-5.653137944610646939e-06;-3.900728646889096314e-06;-4.046023799518923544e-07;8.917143666188319920e-07;-6.043784002557604162e-07;8.672078661555562070e-07;-7.152855417918422650e-09;-1.069643997983575011e-06;-1.479613861357509925e-06;-3.560520303719096882e-07;-2.811491006716034413e-07;9.824965401990041031e-07;2.540006074846435092e-07;2.648012410124912915e-07;-1.562838052552807435e-06;-2.039364660565729529e-06;-2.532370512421038758e-06;-2.209076760743103836e-06;-2.421362937391853043e-06;-2.294973081480759511e-06;-1.116355199509405853e-06;1.797756558348183620e-07;-1.397253181383108389e-06;-3.072360902530094772e-07;-1.674715541808142040e-06;-1.152793161972356415e-06;-2.493712806796006857e-07;-1.779421757730486193e-06;-6.418614237230537723e-07;-1.662004147831188178e-06;-1.205955492177705063e-06;-7.157964496932574246e-07;-1.093322065283594756e-06;-1.846659845259110092e-06;-1.699325268742721420e-06;-1.215107708921258898e-06;-1.480061167758759916e-06;-3.759166348765043597e-07;1.842760696199570599e-06;1.096179011139381149e-06;2.441213590316771668e-06;9.819926373527811269e-07;1.978137215243532732e-06;2.884069105557626458e-06;3.573663254852316406e-06;4.592506370634792426e-06;3.224301947131294509e-06;3.638064030769502872e-06;1.832950769150339344e-06;1.984263408236566862e-07;2.460744013662824347e-06;3.003223883048223517e-06;1.145782803524426775e-06;9.196346030152149401e-07;-9.303037970838943138e-09;-2.447838728505437661e-06;-3.926116450324120275e-06;-1.025853946448824347e-07;-4.700843715497593980e-06;-1.933339875027634552e-06;-2.655431917964615170e-06;5.639110931916413295e-07
-2.484104229360708614e-06;-9.008516230876192929e-06;-1.208540958125738226e-05;-9.023670237915214893e-06;-1.251593130481121610e-05;-1.219114239939869863e-05;-4.338341569321370179e-06;6.235866587419740302e-06;6.417112904850252221e-23;1.014284904167767466e-05;4.131158117711111206e-06;1.054133111529180082e-05;1.648423172001041803e-06;-5.119202853761239647e-06;-7.381940537946509536e-07;-8.543912337224438976e-06;-4.868617140455031378e-06;-1.929920073314580214e-06;-2.858015333075619743e-06;-3.481946536455719292e-06;-3.481943595399331063e-06;1.944500095267841349e-06;-2.736174721735309138e-06;3.409730646020469968e-06;3.842303601701589212e-06;4.002015116374227795e-06;3.914574924221282124e-06;2.933860457397255492e-06;3.998259176598856997e-06;3.213318483602588165e-06;1.628062940954741186e-06;1.771522427572327708e-06;3.262859431679263285e-06;2.642281387834647654e-06;2.235704461207544272e-06;-8.300646543092588269e-07;3.400776672315936289e-06;1.974490855964362123e-06;7.826637991110578895e-07;3.694769741178708603e-07;7.097072667172538966e-08;-1.465933021993644290e-07;6.591038256393555274e-08;7.203204914527997940e-07;-3.913035788060495483e-07;3.051925696905717180e-07;-5.572523104795432087e-07;2.854620985565578577e-08;4.659274945418600793e-06;2.117304149518670199e-06;2.974670269923715810e-06;-4.678969382192453043e-08;7.925639578890745328e-07;1.559845202068417122e-06;2.421033484427866841e-07;-5.650323174552690507e-08;-9.126980319297064511e-07;2.371432436210749734e-07;-8.658978419774553165e-07;1.635613812880714290e-07;5.322522012848802489e-06;6.742136745331095006e-06;8.116889820722714849e-06;5.748847911286108000e-06;8.034978534736614153e-06;7.443045787985861546e-06;2.569240933908461516e-06;-8.144702459125444362e-07;3.831756005018372001e-06;1.778270005347890890e-08;2.696530481300844362e-06;-7.262463883925208464e-07;5.451976420907827755e-07;2.993929727065995922e-06;-3.870446654599396378e-06;1.025593113241381815e-06;-2.119429821673986716e-06;-5.218790209657028493e-06;1.976145905433755823e-06;9.495755689937207528e-06;-1.105513316720573326e-06;4.675808153193272182e-06;-1.601383302135214222e-06;-4.079259683412985977e-07
1.818893854306858869e-06;-2.208619069378535157e-06;-3.846926146231765307e-06;-9.472534629880924095e-06;-8.849716935915085555e-06;-8.461491426342501404e-06;-8.398899820322077445e-06;-2.201788124939536087e-06;-1.014284904167767466e-05;-1.355113186272060655e-24;-8.116208786041567935e-06;8.826442192225344275e-07;2.101210344055302924e-06;1.106979521383693312e-06;1.319615026824851606e-06;-2.444034592036553637e-06;-3.908974813259823841e-07;-8.458913421528755343e-07;-3.006262418287567855e-06;-5.037849069403707213e-06;-4.584034396940058670e-06;-5.295951735008450562e-06;-4.871437368767992583e-06;-3.015132753570822552e-06;1.198986033803765367e-06;1.072231672630321676e-06;7.143068842867397848e-07;-2.869773470464620907e-07;3.668887063266539047e-07;7.397194682804478293e-07;5.536486599707857220e-07;5.325523721949830827e-07;7.679587312001661723e-07;1.719968085365400700e-06;2.715319846777646829e-07;4.875105916383269695e-07;6.036865958954440676e-07;1.016934712925047336e-07;-5.796784973961445649e-07;-1.472639055379246717e-07;-7.374660970861410028e-07;-1.219771409842549495e-06;-1.129604211287083903e-06;-8.291688636609074735e-08;-1.411517878035016138e-06;-9.318694215531217888e-07;-1.208703396379242910e-06;-1.055411290515296907e-06;1.640355867152873878e-06;2.760457552323627834e-07;1.078854724586955332e-06;-5.457722730559955840e-07;2.019245377287925125e-07;7.004965261950907496e-07;-4.380969473713346797e-08;-1.379616718817660989e-06;-1.047717577687144956e-06;-1.247684222221008341e-06;-1.143414060182747679e-06;-4.807316602976590017e-07;2.887282749873187495e-06;2.754035461043105939e-06;4.039575496486377633e-06;2.728660274466297902e-06;3.963920784165637584e-06;5.040947704600264007e-06;5.492068750163600009e-06;4.881420662586461218e-06;4.854163893695834427e-06;3.760756907312197833e-06;3.258595147377729149e-06;7.498003515359745036e-07;2.512239099559856501e-06;3.133264258215840804e-06;-3.240996580252647434e-07;2.035836254212378332e-06;-3.424225933169533772e-07;-4.433922119264683713e-06;-6.629061042411506086e-06;-1.618392473091810271e-06;-5.160645367084744072e-06;-3.449529083332921543e-06;-2.197646321100252845e-06;2.632146735694021722e-07
-4.355463997403260322e-07;-9.380871391510870480e-06;-1.078420707994364549e-05;-1.275767299370245334e-05;-1.411664686890561867e-05;-1.235761288849525701e-05;-5.761416978922346015e-06;3.609199512759534472e-06;-4.131158117711111206e-06;8.116208786041567935e-06;-2.225631669807513886e-23;1.017169929579667011e-05;3.580918963485002764e-06;-2.586190377777160819e-06;-1.762666074118599535e-07;-6.955302447458214556e-06;-4.187394566233190615e-06;-3.118474925524010444e-06;-4.849907805780865461e-06;-5.854801636230795986e-06;-5.652169282203756340e-06;-1.493281568016668350e-06;-4.027552454115514003e-06;2.225590466981582287e-06;5.010172914649498629e-06;3.661791680539898087e-06;3.479629600290541528e-06;1.146527531368611137e-06;2.757846082742490199e-06;2.597031936154942328e-06;1.226134720374678199e-06;1.510945166829917536e-06;2.702656845630208208e-06;2.655854182916306986e-06;1.465273420968023884e-06;-8.148999089846493397e-07;4.555510288065855005e-06;2.521023714415331519e-06;1.294866667961860525e-06;2.677761576914972259e-07;1.488544987885813979e-07;-9.907534039348897825e-08;-1.056464437587331481e-07;8.300062301797842666e-07;-9.178153708281389068e-07;-2.486653277435291791e-07;-1.370120196570703919e-06;-1.106792163408506187e-06;5.082192667948934394e-06;2.567039045571179111e-06;2.782399827808730264e-06;-4.779311138130547561e-08;6.675456434787658283e-07;1.146693709839847687e-06;-1.676116054968978252e-07;-4.729587275938970541e-07;-1.508970895464779746e-06;-6.094159727142897158e-07;-1.461354577974801699e-06;-4.268907004282114493e-07;5.015105244233773072e-06;5.945033599022043454e-06;7.037338788696473728e-06;5.150274597749040255e-06;7.402850009152561769e-06;7.298336572699763739e-06;3.645085723206166159e-06;-2.726028862657916656e-07;4.314666175705487148e-06;1.610211190506811754e-08;2.748771842606517493e-06;-9.129313815929454993e-07;6.369798431997018244e-07;1.347286971738424967e-06;-6.306361760319735955e-06;4.946608378890759198e-08;-4.370863378409143042e-06;-8.576897470701644322e-06;-1.264286397649774439e-06;8.374493965292633001e-06;-3.061117185215648854e-06;3.130284911946042969e-06;-2.299359673206395773e-06;-8.652095033171220947e-07
2.751895146427941201e-06;-1.358804356119250106e-06;-2.373603533544982722e-06;-1.097738290626142969e-05;-8.003603488165845519e-06;-7.187765569268722011e-06;-8.026640662285012035e-06;-2.213828403856107313e-06;-1.054133111529180082e-05;-8.826442192225344275e-07;-1.017169929579667011e-05;-2.264981442173846795e-23;1.634314968358747937e-06;6.381988466616833250e-07;-4.287873511839228708e-07;-3.528668783065786228e-06;-2.137827025754016217e-06;-2.324978815374613973e-06;-3.130333490188936265e-06;-5.664262436723088126e-06;-6.447704862896112756e-06;-7.814558498563490906e-06;-7.043379717996739445e-06;-4.283711903868795596e-06;8.523820582337406618e-07;-2.052087220791654649e-07;1.016152511094879487e-09;-9.255052874785720107e-07;-2.990472386589134486e-07;2.224421551051430276e-07;-1.597651379069680148e-07;2.932900659066706961e-08;2.217657838486551302e-07;8.610316505863168724e-07;-7.304589551857741366e-08;2.312749316092288700e-07;1.096546194462806169e-06;2.590249995628004354e-08;-4.515672664464603148e-07;-7.326152537641333469e-07;-1.092754658981572481e-06;-1.411558543654135623e-06;-8.570876742130777953e-07;8.189536874472593814e-07;-2.114782512181733190e-06;-1.581585785288350370e-06;-2.410281297966192537e-06;-2.221861866355779048e-06;2.146925157178284159e-06;5.462465303906295427e-07;5.341916502694381076e-07;-7.432497868881235805e-07;-4.048735932284213425e-07;-6.638739377460992464e-07;-1.405971086116310228e-06;-1.149314783859950304e-06;-1.627875615202901943e-06;-1.059077151498718143e-06;-1.246901036211249409e-06;-1.414830851339767508e-07;3.228243976021755754e-06;1.979412060434125743e-06;2.916506399245645876e-06;8.167975706204179988e-07;2.395037005915963456e-06;3.919556895419344565e-06;5.708136508688183258e-06;5.253824369200616561e-06;4.154981579708766906e-06;3.367168341068790046e-06;1.983002614066407663e-06;3.936206355870455817e-07;3.241474666038027980e-06;2.108003021103339955e-06;-2.119684065778937760e-06;-5.671923498174256746e-08;-3.490574464978507490e-06;-8.667718432635184063e-06;-1.147237555203268688e-05;-2.690897642616542217e-06;-8.672856607207276837e-06;-3.595202722443920472e-06;-3.576737306739956977e-06;7.476119934833686015e-07
5.923552915409012629e-06;1.018391163436335647e-05;1.049726934740162421e-05;4.310399749027817509e-06;7.334360297323890050e-06;7.201101782925679401e-06;1.117723321269153728e-06;-8.622199795286994673e-07;-1.648423172001041803e-06;-2.101210344055302924e-06;-3.580918963485002764e-06;-1.634314968358747937e-06;6.115539913023117011e-23;5.793162982801425775e-06;1.061396147597309649e-06;5.485932692916008396e-06;3.740235872686355344e-06;1.861814616742745598e-06;5.486610273188840501e-06;5.245838086478585593e-06;8.102522169374454402e-07;-1.377873166918811193e-06;-7.346403981146824712e-07;-2.797471873366344966e-06;-1.560746539938559398e-06;-2.700283614535117158e-06;-6.356438938015601751e-07;2.327563686721058550e-06;1.521474983953000741e-06;3.337864370868975312e-06;5.280126734484483633e-06;7.292839748939841984e-06;1.021223911709270156e-05;1.360807409644310013e-05;1.173942335280272360e-05;1.369467272594090155e-05;1.090216201885698057e-06;1.469423441658574337e-06;3.368505684433497373e-06;2.006190761750216871e-06;2.299239219645128257e-06;1.451894475405809455e-06;-2.185368848313327166e-06;-1.123800180880082435e-06;-2.558343783057976264e-06;-3.517309639600969984e-06;-2.277719595514613865e-06;-9.998097520810497813e-07;3.550370654095362765e-06;4.235407326276259618e-06;4.859534390642512860e-06;8.501018038045877006e-07;2.678074177444799510e-06;4.199993134222321899e-06;3.132339960586549739e-06;-5.261281119396881247e-07;-9.616492312358514552e-07;-1.488512495025011113e-06;-2.723061847501255896e-06;-1.540492853083781430e-06;4.528154209320861507e-06;6.708703653712792039e-06;9.148557325707998473e-06;9.139946510615072010e-06;1.085301135764593431e-05;1.409931139715131862e-05;2.048024840826264911e-05;1.526585891934337485e-05;1.348036362011428199e-05;7.557651725909047385e-06;9.302825232384270206e-06;9.983429394446142101e-07;6.955652150672194780e-06;9.459349876635664647e-06;1.021361792019610393e-05;1.472556753776519894e-05;1.210276533823821936e-05;8.569687458437176905e-06;1.550766772128412311e-06;1.336308333729252243e-06;1.144560128403573817e-05;6.904775123562628099e-06;1.659484773752381933e-05;1.649599613203110311e-05
-1.310769361812971359e-06;5.828112398077600524e-06;8.167556981375124702e-06;8.380523510254690530e-06;1.006990968656607690e-05;1.068323218637107256e-05;7.236161357396971062e-06;6.182105375687354722e-07;5.119202853761239647e-06;-1.106979521383693312e-06;2.586190377777160819e-06;-6.381988466616833250e-07;-5.793162982801425775e-06;1.560074186664344151e-23;-4.591683469887463183e-06;5.476394372220245622e-06;9.004767682554638690e-07;-1.489827746305807240e-06;3.507787877919852020e-06;7.686417168226540047e-06;4.084464363065491772e-06;3.512144829387558756e-06;4.517454187600307804e-06;9.363364680797381774e-07;-4.969005541379698475e-06;-6.675638982253226680e-06;-2.995655270080031186e-06;-2.567020258896977136e-06;-2.255213075788478956e-06;2.430177462044410809e-07;1.558638702377814800e-06;2.651978281026966636e-06;4.292424974812609464e-06;6.886116346037163381e-06;5.161507264411164756e-06;8.863721058076780456e-06;-2.132785011661768296e-06;-4.937288769361634321e-08;1.270470311930594584e-06;6.406941406906325334e-07;9.405398558327982212e-07;2.614553227417433482e-07;-1.529485809617496558e-06;-4.669255234752813819e-07;-2.214628661100051570e-06;-2.412447421406791750e-06;-2.429810924726751980e-06;-1.605059530570042417e-06;-1.864312736295206568e-06;3.097362013484213411e-07;2.877906328873115620e-07;-6.993859963700833577e-07;-8.627348246823994142e-08;9.206587715259826600e-07;1.411414990863015724e-06;4.013503499252104083e-07;-3.146064988203396682e-08;-2.611130749723782798e-07;-1.267073455890170286e-06;-5.780662564975781875e-07;-2.398331323960749864e-06;-1.249602595353090617e-07;5.679141486710796070e-07;1.667625093111876534e-06;1.669674457227138518e-06;3.715596912586881885e-06;1.053173744057857917e-05;7.125460390448348408e-06;2.128487918988320625e-06;-1.305156754223243421e-06;2.300138234723106840e-07;-2.002815485718744160e-06;-8.558128583048765684e-07;1.399278863612448839e-06;4.867350884106425775e-06;8.887148621162380539e-06;8.141819397416897414e-06;8.569044443477276805e-06;6.596493490504928374e-06;4.871479367560637638e-06;1.547040444262716771e-05;1.325643518127490652e-05;1.811363616326036659e-05;1.841168475583558118e-05
6.265625870665462777e-07;3.828736577710234892e-06;7.145167446152107288e-06;4.580929504630853125e-06;5.968674339061285699e-06;7.532543486966108703e-06;4.024179699911276684e-06;-1.221544974783517714e-06;7.381940537946509536e-07;-1.319615026824851606e-06;1.762666074118599535e-07;4.287873511839228708e-07;-1.061396147597309649e-06;4.591683469887463183e-06;-5.504208360670613063e-24;8.284872451722934350e-06;4.809478015701835244e-06;5.275421757906373475e-08;9.104324116630237659e-07;4.300154341561540704e-06;3.636695226514207120e-06;1.382864754260022779e-06;4.667558429693619054e-06;4.890355924272766131e-08;-1.491295465902554667e-06;-4.100848823949129590e-06;-2.328244060795074417e-06;-4.222365217351740533e-06;-3.507968484756616989e-06;-8.927724916714009863e-07;6.508494994399516297e-07;3.024485880853007530e-06;3.470569204050461093e-06;8.913411739208512819e-06;3.959330384929202384e-06;9.201360955250918725e-06;-7.410468308937662137e-07;1.441060325585719077e-06;2.089905558944528277e-06;8.470927624988207837e-07;1.687963166799720842e-06;8.104574726447144764e-07;-1.484500550795114720e-06;-3.537812001479247164e-07;-1.966749261494837096e-06;-2.580206770802492650e-06;-2.916831341721186980e-06;-3.034144953782108934e-06;-2.542560803606032829e-06;-1.878476020314238780e-07;-2.157235142591206835e-07;-1.192810752939349453e-06;-5.518718257412838820e-07;1.187439833348337244e-06;1.673106417566085463e-06;-5.874318062606784658e-07;-6.015434446291020881e-07;-9.970760843186470329e-07;-2.082619836936594119e-06;-1.312989547990185596e-06;-3.406923690601329556e-06;-2.917315271715811805e-08;2.244087541871931322e-06;3.900389165686529881e-06;4.568773984790251095e-06;7.557411394464691051e-06;1.326700385246227944e-05;7.477055801239986484e-06;3.902237362881517664e-06;-1.787657579325463530e-06;1.114925313554342972e-06;-2.957706841200578046e-06;-1.646791436854878920e-06;1.583894372705628534e-06;4.112006805715135296e-06;1.183732120159100568e-05;9.603571998616296205e-06;8.515699448461334123e-06;6.249617947044397488e-06;3.422388748900935894e-06;1.519842723037675510e-05;1.036454535897351195e-05;1.828089764760234482e-05;1.703365630869269970e-05
-5.264077171428724469e-06;-3.074401281720993640e-06;-1.967100488548995619e-07;3.869880782145609998e-06;3.807545933135614252e-06;6.025768954713466660e-06;1.016217923127185144e-05;4.880025937343537329e-06;8.543912337224438976e-06;2.444034592036553637e-06;6.955302447458214556e-06;3.528668783065786228e-06;-5.485932692916008396e-06;-5.476394372220245622e-06;-8.284872451722934350e-06;3.422780501824463581e-23;-4.975401030604069561e-06;-6.569598477264366652e-06;-1.863210625359594189e-06;4.928265168805530622e-06;1.459373995506255457e-06;6.269155488275718059e-06;5.379566656869295814e-06;7.082010762360640361e-06;-1.879842685945233212e-06;-5.350781603248299184e-06;-1.026191668461393320e-06;-4.145766969782294334e-06;-1.776552612040838961e-06;1.062308865710810197e-06;1.966417970667966897e-06;2.393404474661890346e-06;2.782705832457515565e-06;3.700748273670004415e-06;1.585169831005168828e-06;2.809102699996523752e-06;1.091452213368230028e-06;2.124019240064333667e-06;3.118585497508954039e-06;2.090970687815455181e-06;2.683783525689658345e-06;2.501636710612473725e-06;1.038966164713654693e-06;6.348343496983584694e-07;4.573871525304506644e-07;-5.850676682779862028e-07;-2.457458582109180299e-07;-7.999613286057685007e-07;4.920703121844513027e-08;2.155672139031129105e-06;1.386185094035025121e-06;1.252427627549369284e-06;1.313255532345240081e-06;1.732075982669470296e-06;1.958178809227350257e-06;1.851917245145752547e-06;1.270559713619453863e-06;7.237158095157794469e-07;3.653833811376867831e-07;-8.158100572715920279e-08;-2.898337521205569290e-06;-1.030957815616188812e-07;-1.874759623315783831e-06;1.064405000629509653e-06;-1.446593026499803758e-07;-1.096470446065322070e-06;1.193383931027809285e-06;-1.107113988368195990e-06;-2.325329437066289593e-06;-5.293071539375683226e-06;-1.834537486671093617e-06;-1.890652870439456245e-06;-5.247292267956295687e-06;-4.945591764533881382e-06;-4.161417960031988637e-06;4.755620685980768769e-07;-3.608309609554221658e-07;1.922555337690003313e-06;8.944677419207870808e-06;1.000347078454142084e-05;1.285758060753712815e-05;1.497559574341334926e-05;1.184816791249341276e-05;1.192170840630316827e-05
-3.767717087281447647e-06;-1.391152583081814660e-06;2.636487551881665930e-06;4.146014925037076774e-06;4.498704008365087238e-06;6.905541944419705565e-06;7.684994189589824720e-06;1.089823992426070413e-06;4.868617140455031378e-06;3.908974813259823841e-07;4.187394566233190615e-06;2.137827025754016217e-06;-3.740235872686355344e-06;-9.004767682554638690e-07;-4.809478015701835244e-06;4.975401030604069561e-06;-6.868310298304236157e-23;-4.151837112399449460e-06;-2.030859192564172749e-06;4.305703181330202791e-06;3.316658606746956772e-06;4.799150600020931127e-06;6.730984988042215890e-06;4.506011097150872294e-06;-1.565632574678549932e-06;-5.317372160911314200e-06;-1.929004582142616605e-06;-6.002614901748974992e-06;-3.698828486123678935e-06;-3.868336429667741369e-07;1.017687864522153497e-06;2.434684677334181986e-06;2.113508610584269210e-06;5.423871350902962859e-06;9.530866191040661345e-07;4.582339593883409726e-06;5.173910046379381974e-07;2.199885605400630999e-06;3.071091348829770495e-06;1.441381744408888142e-06;2.361374548598274996e-06;2.006039966172414686e-06;8.297273530773138709e-08;2.301131103867753534e-07;-9.148274069403003873e-07;-1.852027555165650971e-06;-1.998743094304955859e-06;-2.419247700893467170e-06;-1.701816527300099620e-06;1.289698665048056456e-06;4.449265524624032670e-07;3.898882574993633336e-07;5.033224135749114382e-07;1.247739827645211978e-06;1.296212993772003605e-06;3.318173791447150870e-07;3.769821397063993871e-08;-6.835358002490133427e-07;-1.000565918305381458e-06;-9.404806461300527263e-07;-4.756021023799103163e-06;-1.178294422327418149e-06;-1.705580787328044955e-06;1.306058071221983963e-06;5.448914171534636915e-07;1.166016255183154492e-06;5.334814475481876446e-06;1.427832390196619093e-06;-1.509825684612030566e-06;-5.765977552817287089e-06;-2.237251268414366393e-06;-3.393572430430571563e-06;-5.664685581920561602e-06;-4.098348979299840462e-06;-2.014197712609983877e-06;4.893276949171429665e-06;3.510858507875766492e-06;4.926019178678483386e-06;8.631970058456658458e-06;6.926528819688444791e-06;1.505420541137608691e-05;1.360330668988808850e-05;1.559859520313671165e-05;1.486742768482232605e-05
-3.922591884223944638e-06;-1.936178747400348718e-06;1.119124806710482549e-06;3.260183873016490866e-06;2.028792497806891370e-06;3.624457329279880746e-06;3.295871871538884686e-06;-7.357343688259565975e-07;1.929920073314580214e-06;8.458913421528755343e-07;3.118474925524010444e-06;2.324978815374613973e-06;-1.861814616742745598e-06;1.489827746305807240e-06;-5.275421757906373475e-08;6.569598477264366652e-06;4.151837112399449460e-06;-1.934034816240702135e-23;-1.350942821469925053e-06;3.111000995989868385e-06;5.104264148023266678e-06;4.143382928923921425e-06;6.778009123519762609e-06;2.164469995459883291e-06;-3.564915057971296748e-07;-2.280957560418957373e-06;-5.918004056622063137e-07;-4.920612594955754391e-06;-3.081585325918885783e-06;-6.315558521320803488e-07;-1.982886235080097226e-07;1.656284445063056451e-06;1.024215802550509385e-06;5.669652843546968395e-06;-1.334716190265159826e-07;4.169602982523246006e-06;7.192655278185120325e-08;2.560595068325065406e-06;2.634032610352995079e-06;9.311322880483826165e-07;1.841786871623532937e-06;1.195648577316551422e-06;-9.997937551154294649e-07;-3.264429153198361366e-07;-2.092257874860115093e-06;-2.721635966663611075e-06;-3.378969730161231724e-06;-3.866757484936055596e-06;-2.468193457203597307e-06;5.842649419519157915e-07;3.456865506694061140e-07;-4.782437445478808175e-07;-6.272405495772146286e-08;9.507418010065205361e-07;-9.906596648026244428e-08;-1.291251029738665827e-06;-1.631399671855655036e-06;-1.885354757478776138e-06;-2.462405270148550288e-06;-1.590925004960019468e-06;-4.728126059985340164e-06;-4.323614912166168018e-08;1.189190984523971291e-06;2.485842767371391981e-06;3.027701303075789969e-06;4.633185878668019920e-06;7.688577761440398337e-06;2.779986474851936760e-06;-5.073820908574377335e-07;-5.324956774947867934e-06;-2.424428757964101426e-06;-4.507461866091199180e-06;-5.699503301750684887e-06;-1.099618372355946293e-06;6.755583783825669186e-07;8.939563816111344133e-06;7.342895213824051177e-06;7.452273520777453714e-06;8.287943675615898006e-06;4.428370165114302766e-06;1.439033660937431002e-05;1.034366035876415008e-05;1.543453003686025968e-05;1.387848626264581743e-05
