0.0;1.6284661468087588e-5;1.4718468475794396e-5;1.637224084233117e-5;1.7332558676561227e-5;1.4017227937239238e-5;3.807975903806922e-6;-1.4824963154065695e-6;3.727066272330208e-6;-2.7290070429453857e-6;6.534791404162532e-7;-4.128850739842071e-6;-8.887499172716233e-6;1.9666341780168242e-6;-9.400733907049746e-7;7.898043990539216e-6;5.652955747071364e-6;5.885324673179962e-6;1.2800561419908702e-5;1.354959579381307e-5;8.058085765372395e-6;3.362590939466864e-6;3.4377616160132743e-6;-3.3656633724420563e-6;-8.225801966558091e-6;-5.172905092058494e-6;-2.9358033271035407e-7;4.878484484157558e-6;3.26084062370484e-6;4.915343455879296e-6;4.529879485103684e-6;5.20575425403563e-6;1.0654982806492817e-5;1.3395463785935864e-5;1.3430501554954236e-5;1.7378946291630885e-5;-3.848132600276299e-6;3.000422214259269e-7;1.5583062079458062e-6;1.2371006244755376e-6;3.0419059681170825e-7;-2.0545486543460325e-6;-6.663799714005389e-6;-2.9480151340908244e-6;-7.466074482223103e-6;-6.4280469798213725e-6;-5.95491512758347e-6;-2.5610357391870446e-6;6.570247820794464e-7;2.9317476855439903e-6;4.634740450688803e-6;-1.6405246744308115e-6;1.2927432256061623e-6;2.586164406285868e-6;-7.938531741887289e-7;-2.1250037515055242e-6;-3.869535343413169e-6;-2.816347874860745e-6;-5.424483099323929e-6;-1.6672923807886984e-6;2.867034997554157e-6;6.961288792235122e-6;9.828436589669327e-6;5.7038959708806256e-6;8.407018057398466e-6;1.261050916743581e-5;2.261682543438712e-5;1.914347548244119e-5;8.277326743540655e-6;4.5776816978605865e-6;2.7385646640592204e-6;-2.6586644640803706e-6;5.994273826533171e-6;1.4427800580850315e-5;1.9844340688666357e-5;2.1678568190922475e-5;2.2131108820643186e-5;2.0127388989694858e-5;6.2721296914861985e-6;1.0616547407362113e-6;2.0525884821008747e-5;1.4660057035976008e-5;2.6991705288923695e-5;2.908458679240451e-5
-1.6284661468087588e-5;0.0;8.418651510771537e-7;1.863648618245989e-5;1.2558293815807558e-5;9.979963355327328e-6;8.017533920925357e-6;1.2844642180902344e-6;1.3516074169109469e-5;3.3137376220419358e-6;1.407474330389324e-5;2.038704264712253e-6;-1.5279597822107092e-5;-8.744303436822665e-6;-5.7445073341762374e-6;4.612728076897142e-6;2.0872384543234853e-6;2.9049773440849215e-6;7.179284770366546e-6;1.2873637615741603e-5;1.2798937146484338e-5;1.1883920837711512e-5;1.106082235277708e-5;3.363783139300684e-6;-8.357245784600158e-6;-5.874597865621209e-6;-7.063451869356642e-7;-1.6948008842121662e-6;-1.519375847747778e-6;-1.7525779739391415e-7;-2.534879675912772e-6;-1.3921136038480308e-6;4.3464614582447676e-7;4.396549226514744e-6;1.3741071136133024e-6;6.40992405921232e-6;-4.573886825379147e-6;2.141164073910188e-6;2.404430520061884e-6;5.748964821973975e-7;1.2228793416442904e-6;-1.1714283782780478e-6;-6.734550096103086e-6;-4.021593977751212e-6;-6.118010846185342e-6;-5.0585736350292035e-6;-5.85179387527136e-6;-4.480512112265624e-6;-6.026071997563415e-6;-1.6645799391452755e-7;-6.163812224628362e-7;-3.822328566560663e-6;-2.58379205512246e-6;-2.055112921983212e-6;-4.512671039486084e-6;-1.94348774815665e-6;-5.198007310993642e-6;-1.911801000592965e-6;-6.176034644898542e-6;-2.1059501629849325e-6;-9.074202422946635e-6;-1.0412102581861e-6;-8.657790119873955e-8;-1.8889351699110748e-6;-5.977880899266497e-7;1.297298854814408e-6;7.307975879314115e-6;4.703168364854298e-6;-6.8849226941210625e-6;-9.62774615174704e-6;-9.71973475354693e-6;-8.97219627651314e-6;-1.1697146525539755e-5;2.2635463598442036e-7;7.366454614212817e-6;1.358489561452727e-5;1.5698907107079905e-5;1.9753899980700416e-5;1.776398358324883e-5;7.405288631407846e-6;2.570452279045676e-5;2.2066952352119544e-5;2.6107035045841103e-5;2.745070551575134e-5
-1.4718468475794396e-5;-8.418651510771537e-7;0.0;1.633695731759976e-5;1.2254977623540523e-5;1.1150866443122365e-5;1.3114281240829553e-5;6.238940254102784e-6;1.813254126184259e-5;5.771798349804145e-6;1.6180260878919115e-5;3.561274752161264e-6;-1.574974917470958e-5;-1.2254327251176736e-5;-1.0720368446680969e-5;2.951371282453007e-7;-3.955697074178501e-6;-1.6790971458923594e-6;6.482201430200377e-6;1.3671634611871718e-5;1.0128301874645271e-5;1.3598702416243482e-5;1.0060117862787257e-5;6.284705790582252e-6;-8.408767536833666e-6;-7.2996360742490986e-6;-4.991921412304606e-7;-5.171568159055475e-7;3.4369133250451695e-7;2.235482432264556e-6;7.022910962391688e-7;2.346215143750021e-7;2.991632966814531e-6;3.279344373053028e-6;3.377430634413848e-6;5.462128177594746e-6;-3.402830418774455e-6;1.5472417722466438e-6;2.5424345025403274e-6;1.7972111561588457e-6;1.958010907780463e-6;5.922426835717561e-7;-2.8421422397326584e-6;-2.0389528718957222e-6;-3.1568232586962398e-6;-3.052900104425631e-6;-2.7958364996507766e-6;-1.466256201095016e-6;-3.02373739742075e-6;1.2941612190050935e-6;1.2044486589601315e-6;-7.490933924901086e-7;4.263980787637351e-8;5.415581089311987e-7;-6.635758820962987e-7;9.510808004350182e-7;-7.296945971636008e-7;6.306205283139744e-7;-1.7386182263156386e-6;-2.823440555413803e-7;-5.413659119886804e-6;7.258638160979e-7;1.93757713065253e-7;-1.116768575409792e-7;2.843632068502187e-8;-1.1368432888762813e-7;3.559672590072932e-6;1.0091180637053015e-6;-5.386450242637564e-6;-8.159085549016824e-6;-6.1177257950594155e-6;-5.465701952951571e-6;-9.07440329962741e-6;-1.0316773498915698e-6;3.3681675524552207e-6;7.455680783126631e-6;8.940557841387843e-6;1.3205350947287332e-5;1.6398325034908867e-5;1.2006291169273173e-5;2.245753714672465e-5;2.3662338328250183e-5;2.1545093587894712e-5;2.2884593331883645e-5
-1.637224084233117e-5;-1.863648618245989e-5;-1.633695731759976e-5;0.0;-7.681690286284462e-6;-5.620203360193513e-6;5.8743887602978175e-6;7.998974047631549e-6;1.3538810730586336e-5;1.4212271737726114e-5;1.914118263084443e-5;1.647009537877174e-5;-6.467178524548697e-6;-1.2573855054213634e-5;-6.873072253101829e-6;-5.806238711966459e-6;-6.220541074341341e-6;-4.891470016071625e-6;-4.4631741757399535e-6;1.6564954945267597e-6;3.581634753769901e-6;1.1868108732663294e-5;7.4899390056156185e-6;1.0424103019836553e-5;2.243296841424172e-6;5.5957436082596224e-8;3.1444096571245694e-6;-2.8881116079437e-6;1.4439144566120645e-7;9.648979316060943e-7;-1.5907074400061672e-6;6.322838272399094e-8;2.3777342299729158e-7;2.0876997133058573e-6;-2.083025615931551e-6;-3.060376888544979e-6;4.582906236896727e-6;5.8533273936104694e-6;5.432686668341037e-6;1.4833361469772366e-6;3.2558850519691574e-6;2.5511607107639558e-6;-1.6014470064267082e-6;-1.4682635639163396e-6;-1.3354832690432192e-6;-1.3740848019209644e-6;-2.7410928006940046e-6;-3.2416128908462337e-6;1.2024653423065715e-6;3.919663505560878e-6;2.259613206212924e-6;-6.317659751072731e-7;-1.8925741493903074e-7;2.316837803869788e-7;-1.8309419687134193e-6;-1.1395722306398118e-7;-3.2860129757791286e-6;-7.205536290248197e-7;-4.039148813321294e-6;-2.1817281207025373e-6;-5.093872259782534e-6;2.6917075746070115e-6;1.4472602085705328e-6;2.934910672028421e-6;3.9036239605334375e-6;1.9530320295841637e-6;-1.3831187283913086e-6;-7.180797129070758e-6;-5.281031104226637e-6;-1.2176908493188934e-5;-5.923627098413644e-6;-7.81667886674327e-6;-1.5107978900201385e-5;-9.058985440455679e-6;-1.251712154783766e-5;5.2775799232986664e-8;-2.7235372266748426e-6;3.853439370342788e-7;1.8765713437439863e-5;2.0195388507096315e-5;1.6414074256037512e-5;2.209411225086903e-5;1.2025483913556012e-5;1.2018237150972578e-5
-1.7332558676561227e-5;-1.2558293815807558e-5;-1.2254977623540523e-5;7.681690286284462e-6;0.0;1.284070011721979e-7;1.000204344719928e-5;9.872759576378317e-6;1.877848154743836e-5;1.3277817058427916e-5;2.118014123627745e-5;1.2008336955138209e-5;-1.1004227024849329e-5;-1.510855314145593e-5;-8.955197836188661e-6;-5.712713605173438e-6;-6.7497038894737734e-6;-3.0439318941454293e-6;1.2107532707302246e-6;7.731191187744966e-6;7.3053206992509115e-6;1.5178046378630069e-5;9.222038972678848e-6;1.0220158492197765e-5;-1.6770472844104887e-6;-1.4281788752615408e-6;3.401745949542906e-6;3.4695837770888375e-7;2.439776364781416e-6;3.0704130275359082e-6;1.8906704607991636e-7;9.473994353963654e-9;1.8721433162176968e-6;1.4353617176090808e-6;5.852887786872268e-7;-6.36060135565109e-7;1.6966487718351668e-6;4.595427423749475e-6;4.429243256007292e-6;2.2904729835714595e-6;3.072153762031282e-6;2.1003468113189067e-6;-1.4216279948548193e-6;-1.5839534139924656e-6;-1.4171974208255572e-6;-1.4744527402819636e-6;-1.701013617088377e-6;-1.1684761510186838e-6;3.960128386188826e-7;3.351988800124284e-6;2.665217622657799e-6;6.500755443505716e-8;6.365238019939206e-7;1.0314145065945029e-6;-9.946568854568773e-7;9.325673804465622e-7;-1.2805351314557396e-6;8.290011305432707e-7;-1.8898289344208043e-6;-5.668324904547038e-7;-3.813876294055293e-6;3.466811177291646e-6;2.669901121227073e-6;2.453151220848955e-6;3.377445612389501e-6;1.3081475157795504e-6;-2.122089982602131e-6;-6.65519877823416e-6;-6.170769187461357e-6;-1.120358464838905e-5;-6.1211429549028e-6;-6.518468709026157e-6;-1.2474788736158633e-5;-4.4246087707663296e-6;-5.48675038919201e-6;2.4296854928421126e-6;2.000222219400661e-6;5.895076561135088e-6;1.873862011182637e-5;1.763683079662843e-5;1.7766621103175705e-5;2.2503997993383573e-5;1.352034525930072e-5;1.356664929469424e-5
-1.4017227937239238e-5;-9.979963355327328e-6;-1.1150866443122365e-5;5.620203360193513e-6;-1.284070011721979e-7;0.0;1.1074688897335688e-5;1.2801071568063894e-5;1.829117921902458e-5;1.269533658692268e-5;1.8540945930870554e-5;1.0784281235063995e-5;-1.0804290440609368e-5;-1.602876155141976e-5;-1.1301574403887618e-5;-9.040860673445553e-6;-1.0360842419173308e-5;-5.438013633967171e-6;1.155564839836856e-6;7.5658716949667685e-6;3.8867066137758845e-6;1.3643373157525262e-5;5.946642997938963e-6;1.0462067606432507e-5;-2.61184182889781e-6;-2.5024028907917108e-6;2.8727270318536584e-6;1.6175652274519278e-6;3.55226890194636e-6;4.3680046808333826e-6;2.422984124012989e-6;1.7137634127520508e-6;3.998141736562234e-6;2.053196028937125e-6;2.7608979441603567e-6;1.471347798606359e-8;1.1105765689053962e-6;3.045605089611667e-6;3.3415939225509688e-6;2.772357813922581e-6;2.9204833760725493e-6;2.401085057996664e-6;6.33759413282976e-7;5.6597975365984206e-8;4.991633328673376e-7;-3.361485174198217e-8;3.5086379397793914e-7;5.907432583133927e-7;1.9983123352637453e-6;3.264114581847622e-6;3.522656703271488e-6;1.2195230290997025e-6;1.8312906767422368e-6;2.497729427662321e-6;1.3331025298490234e-6;2.566139246986183e-6;1.243235169753723e-6;2.4881851439249813e-6;5.918961801514531e-7;8.137649817010656e-7;-2.193498180934083e-7;5.002375766634956e-6;3.960678402681293e-6;3.873590674759784e-6;4.388281068044284e-6;1.8004234809010383e-6;-1.6838838457332223e-6;-4.741089475248933e-6;-3.030596063885e-6;-6.938259803304042e-6;-2.4183238899464678e-6;-3.078065491749939e-6;-7.81710776669414e-6;-2.2709877011075644e-6;-4.723979497892095e-6;3.065644884712059e-7;-3.131008621502576e-7;2.504810828548976e-6;1.4907749857674792e-5;1.802845841500734e-5;1.3889157045283313e-5;2.1198819292009204e-5;1.0277018921793596e-5;1.1532941231470232e-5
-3.807975903806922e-6;-8.017533920925357e-6;-1.3114281240829553e-5;-5.8743887602978175e-6;-1.000204344719928e-5;-1.1074688897335688e-5;0.0;1.3484385883102829e-5;6.509101490088037e-6;1.2601426250563827e-5;8.644235877533315e-6;1.2042901154842277e-5;-1.6769944043657374e-6;-1.0856892644651278e-5;-6.0377436083650556e-6;-1.524699125688261e-5;-1.1530306300571391e-5;-4.945015086382154e-6;-7.680950399380935e-7;3.290562144003535e-7;-5.526505676658015e-6;4.262758769996344e-6;-5.419872841414409e-6;6.256131129322288e-6;1.718591282325149e-6;2.1617760071901213e-6;3.2379251476427987e-6;4.7313162987251216e-6;5.036572108329741e-6;3.5939914070155266e-6;1.7490523356575287e-6;2.5039684233674543e-6;5.004974160481739e-6;3.71016216683911e-6;4.967303387737153e-6;5.29074729846811e-7;2.3548743837934035e-6;7.774958787081595e-7;2.1059736081367364e-7;2.3444582072032115e-7;7.241187675246083e-8;2.2494144438001326e-7;1.1351758378000799e-6;1.825088035962112e-6;1.0948226197744489e-6;1.6918298498893298e-6;5.019931278443636e-7;5.28221383367733e-7;5.07885931116944e-6;1.8469026796305632e-6;3.163657092662102e-6;5.4429367333272616e-8;8.995519747902249e-7;1.7678423239098285e-6;9.983634580006728e-7;1.7796028429619148e-6;1.200827301125576e-7;1.9033179125078634e-6;6.192148949528967e-8;1.0236016657547998e-6;6.549198669802541e-6;7.208242871027596e-6;7.602374426477484e-6;5.432545678858291e-6;7.107531283521236e-6;5.350584995335944e-6;6.671911993816852e-7;-6.521576796939762e-7;3.2138981797264694e-6;9.140007406571081e-7;2.8169893546027533e-6;6.318074614037294e-7;1.7119439480044465e-6;2.979551893938921e-6;-3.6841291408549733e-6;-1.6050421323696234e-6;-3.739396704313173e-6;-5.411866587418315e-6;4.837562088550794e-6;1.5522133233220194e-5;9.898421802319805e-7;1.1005994594923478e-5;-7.022277740544122e-7;2.086452249348158e-6
1.4824963154065695e-6;-1.2844642180902344e-6;-6.238940254102784e-6;-7.998974047631549e-6;-9.872759576378317e-6;-1.2801071568063894e-5;-1.3484385883102829e-5;0.0;-9.356084081344783e-6;3.303488703205992e-6;-5.415121320242883e-6;3.3215535319394254e-6;1.2936458007873833e-6;-9.275422570994661e-7;1.8327649145469917e-6;-7.321826461303719e-6;-1.6351351915667357e-6;1.103871053007738e-6;-8.648120949677708e-7;-4.706897458320406e-6;-4.727191176775857e-6;-4.956901305596476e-6;-8.481777663415838e-6;-5.852521808665845e-6;-6.070517759278217e-7;1.3378981852273744e-6;-9.067889844130371e-7;1.3011294577923694e-6;-1.0731903220437342e-8;-1.6048578079636357e-6;-2.2199627751356647e-6;-5.342084675470121e-7;-4.218266360259671e-7;1.474104699141069e-6;3.8109395174252673e-7;3.9729885831031664e-7;-2.3448295469803316e-6;-3.05979401087078e-6;-3.7994833768778713e-6;-3.3144243267412977e-6;-3.6329313522186986e-6;-3.443300271701536e-6;-1.67494172058261e-6;2.69729335640813e-7;-2.0963915864268183e-6;-4.6096667607191404e-7;-2.5126867616286258e-6;-1.7296120115160353e-6;-3.7414826581085935e-7;-2.6697844394373894e-6;-9.630272496592068e-7;-2.493615014474927e-6;-1.8093749802050854e-6;-1.073956871041606e-6;-1.640383582198388e-6;-2.7706662000664156e-6;-2.5496103665824874e-6;-1.8231066577807578e-6;-2.220633898586038e-6;-5.640126507158081e-7;2.76481604821738e-6;1.644670047482384e-6;3.662714602907515e-6;1.473348660291936e-6;2.967930415251838e-6;4.3271600939062395e-6;5.361803916437762e-6;6.8904417927179994e-6;4.83763398368124e-6;5.458428670341349e-6;2.750097564263658e-6;2.97712194876815e-7;3.6920173919278137e-6;4.505935906580788e-6;1.7190939059472719e-6;1.3797887670147688e-6;-1.3957964662475185e-8;-3.6726547369810557e-6;-5.890612813380076e-6;-1.5391566903495957e-7;-7.052987494021298e-6;-2.900717995645859e-6;-3.9841205626311585e-6;8.460732006274568e-7
-3.727066272330208e-6;-1.3516074169109469e-5;-1.813254126184259e-5;-1.3538810730586336e-5;-1.877848154743836e-5;-1.829117921902458e-5;-6.509101490088037e-6;9.356084081344783e-6;0.0;1.521798889183581e-5;6.1982504212984386e-6;1.5815857966386535e-5;2.4732385760132845e-6;-7.680679446522363e-6;-1.1075614814442812e-6;-1.281899814405543e-5;-7.304709086924477e-6;-2.8955870404016574e-6;-4.288069891676828e-6;-5.224195242975326e-6;-5.224190830313429e-6;2.9174624139989343e-6;-4.1052643444058005e-6;5.11584495461533e-6;5.764862839769129e-6;6.0044886141644085e-6;5.873296296560581e-6;4.4018653602561045e-6;5.998853328699242e-6;4.821154765141466e-6;2.4426907714837426e-6;2.657932550672623e-6;4.895484334123903e-6;3.964389950392207e-6;3.3543756311743984e-6;-1.2454010344508137e-6;5.102410714214686e-6;2.962459540670341e-6;1.174282388702891e-6;5.543508007277668e-7;1.0648208661076365e-7;-2.1994365047933944e-7;9.888971684317877e-8;1.0807445908390736e-6;-5.870987028533263e-7;4.579006466859291e-7;-8.360825874447665e-7;4.282977127060947e-8;6.990619112247102e-6;3.176731793563544e-6;4.463095027695067e-6;-7.020167981487288e-8;1.1891362533017041e-6;2.340339174971515e-6;3.6324370520939794e-7;-8.47755447727743e-8;-1.369381369517979e-6;3.558017310886169e-7;-1.2991639416628771e-6;2.45401984525986e-7;7.985732661036153e-6;1.0115674765156114e-5;1.2178307950798638e-5;8.625377672024869e-6;1.2055411017685426e-5;1.116729507237733e-5;3.854802514757898e-6;-1.2220037096182357e-6;5.749037581155774e-6;2.668056388976309e-8;4.045783462054308e-6;-1.0896356069068723e-6;8.179961692321806e-7;4.4919912681546975e-6;-5.807087727926426e-6;1.5387653449951274e-6;-3.1799210804310115e-6;-7.830096959250988e-6;2.964942721119656e-6;1.424711183369335e-5;-1.6586749250137258e-6;7.015424980029182e-6;-2.4026615404929826e-6;-6.120383759435753e-7
2.7290070429453857e-6;-3.3137376220419358e-6;-5.771798349804145e-6;-1.4212271737726114e-5;-1.3277817058427916e-5;-1.269533658692268e-5;-1.2601426250563827e-5;-3.303488703205992e-6;-1.521798889183581e-5;0.0;-1.217728614931365e-5;1.3242896417346158e-6;3.1525851902016548e-6;1.6608747690797087e-6;1.9799059157049803e-6;-3.6669471388211435e-6;-5.864894078795694e-7;-1.2691468635377945e-6;-4.510494822456361e-6;-7.558618970065058e-6;-6.877730728888826e-6;-7.945867511573125e-6;-7.308940462444592e-6;-4.523803574588314e-6;1.7989182397290212e-6;1.6087402677999271e-6;1.0717219773034754e-6;-4.3057114047703686e-7;5.504674509575004e-7;1.10985016193286e-6;8.306757916631271e-7;7.990236324214827e-7;1.1522194003647928e-6;2.5805821529877954e-6;4.073974392820968e-7;7.314444627657827e-7;9.057510244643741e-7;1.5257745729454292e-7;-8.697300825401503e-7;-2.209498011294291e-7;-1.10646927973071e-6;-1.8301039174780558e-6;-1.6948200913669948e-6;-1.2440570203498496e-7;-2.1177938565682867e-6;-1.3981454764401446e-6;-1.813497843065706e-6;-1.58350353331526e-6;2.461134663684313e-6;4.141697485098007e-7;1.618677271761237e-6;-8.188583261675327e-7;3.0296077162532265e-7;1.051001381426773e-6;-6.573058961293079e-8;-2.0699304323359508e-6;-1.5719601458632078e-6;-1.8719833605191389e-6;-1.715539923263202e-6;-7.212735826297481e-7;4.33198173753868e-6;4.132061995762844e-6;6.060842942713624e-6;4.093989920957488e-6;5.947333161883689e-6;7.563268057891095e-6;8.240114872040346e-6;7.3239190600564755e-6;7.2830239225560955e-6;5.64251292760101e-6;4.8890863456627044e-6;1.1249751794473826e-6;3.7692788834421904e-6;4.7010441031692626e-6;-4.862682048613484e-7;3.054500108884216e-6;-5.1375931949679e-7;-6.652507326193465e-6;-9.94601979110533e-6;-2.4281815273934293e-6;-7.742858396915433e-6;-5.175557188766172e-6;-3.297274480302799e-6;3.949184259854456e-7
-6.534791404162532e-7;-1.407474330389324e-5;-1.6180260878919115e-5;-1.914118263084443e-5;-2.118014123627745e-5;-1.8540945930870554e-5;-8.644235877533315e-6;5.415121320242883e-6;-6.1982504212984386e-6;1.217728614931365e-5;0.0;1.526127484087296e-5;5.372690137155527e-6;-3.880232889148446e-6;-2.644644776406514e-7;-1.0435501401021564e-5;-6.282625693513248e-6;-4.678854686793535e-6;-7.2766382316770785e-6;-8.784347070330174e-6;-8.480324314984097e-6;-2.2404693416103584e-6;-6.042803975112509e-6;3.3392009350756644e-6;7.51709460014811e-6;5.4940288364437456e-6;5.220718990032992e-6;1.7202112705076329e-6;4.13777932414405e-6;3.896499197981919e-6;1.8396512141592244e-6;2.266971210012947e-6;4.054975252637857e-6;3.98475411473451e-6;2.198446861642869e-6;-1.2226483616121346e-6;6.834934117185986e-6;3.782459023533041e-6;1.942774312077575e-6;4.0176232304189645e-7;2.2333627364030547e-7;-1.4864930192371325e-7;-1.5850836396914847e-7;1.245313376855823e-6;-1.3770592523487405e-6;-3.7308907781593223e-7;-2.055682170385936e-6;-1.6605936634876312e-6;7.6251506109592915e-6;3.851498875699473e-6;4.1746189357892174e-6;-7.170717370616463e-8;1.0015629874318796e-6;1.7204605990857212e-6;-2.5147880443783586e-7;-7.096113363460069e-7;-2.2640090797889196e-6;-9.143471883654687e-7;-2.192567161679414e-6;-6.404924208622543e-7;7.524494901238664e-6;8.919728066518063e-6;1.0558585962820796e-5;7.727298444095265e-6;1.1106986680398875e-5;1.0950178242409605e-5;5.4689637810448685e-6;-4.0900418393578056e-7;6.47357972735886e-6;2.4159066067092265e-8;4.124164640042601e-6;-1.3697314794889023e-6;9.557030907494423e-7;2.0214239693188984e-6;-9.461852663102435e-6;7.421724512797269e-8;-6.557896116470283e-6;-1.2868487926737712e-5;-1.896892705045233e-6;1.2564808528146033e-5;-4.592797066169709e-6;4.696573992428934e-6;-3.449881766100146e-6;-1.2981311815336774e-6
4.128850739842071e-6;-2.038704264712253e-6;-3.561274752161264e-6;-1.647009537877174e-5;-1.2008336955138209e-5;-1.0784281235063995e-5;-1.2042901154842277e-5;-3.3215535319394254e-6;-1.5815857966386535e-5;-1.3242896417346158e-6;-1.526127484087296e-5;0.0;2.4520711027096834e-6;9.575320424638299e-7;-6.433380917396888e-7;-5.294295727266473e-6;-3.207523625453646e-6;-3.4883198636536336e-6;-4.696646877587507e-6;-8.498468476490032e-6;-9.673919090997249e-6;-1.1724700223485743e-5;-1.0567649569565814e-5;-6.42713698104271e-6;1.2788853152107697e-6;-3.078882511488136e-7;1.5246009836792906e-9;-1.3885969441436732e-6;-4.4868039910143356e-7;3.3374471330061027e-7;-2.3970622888898934e-7;4.400425311185829e-8;3.327299086608382e-7;1.2918628720884828e-6;-1.0959560001615184e-7;3.469971135060075e-7;1.6452209569669056e-6;3.8863238029641976e-8;-6.775163089248013e-7;-1.0991912378820115e-6;-1.6395322649042221e-6;-2.1178548698927987e-6;-1.2859454628486353e-6;1.2287305142065843e-6;-3.1729484138814584e-6;-2.3729580133850146e-6;-3.6163048338716245e-6;-3.3336066683491904e-6;3.2211741552389223e-6;8.195698858901175e-7;8.014831500013257e-7;-1.115146933001376e-6;-6.074586951881372e-7;-9.960540838857244e-7;-2.1094716368983194e-6;-1.7243931702162464e-6;-2.442409714238496e-6;-1.5890036675966106e-6;-1.8708082946231786e-6;-2.1227645300687414e-7;4.843548470983557e-6;2.969843150013985e-6;4.375827916230837e-6;1.2254955491799367e-6;3.5934328118065226e-6;5.88077107825554e-6;8.564295655526301e-6;7.882661031591839e-6;6.233994340837774e-6;5.051985906599917e-6;2.9752302956835207e-6;5.90575136763569e-7;4.8633993524145626e-6;3.1627766939338107e-6;-3.1803025397181453e-6;-8.509962874916315e-8;-5.237140296172884e-6;-1.3004752637389652e-5;-1.721276566341608e-5;-4.037332140716983e-6;-1.3012461781363013e-5;-5.39412100774004e-6;-5.366416120295557e-6;1.1216918407721144e-6
8.887499172716233e-6;1.5279597822107092e-5;1.574974917470958e-5;6.467178524548697e-6;1.1004227024849329e-5;1.0804290440609368e-5;1.6769944043657374e-6;-1.2936458007873833e-6;-2.4732385760132845e-6;-3.1525851902016548e-6;-5.372690137155527e-6;-2.4520711027096834e-6;0.0;8.691866511924786e-6;1.5924830111936204e-6;8.230908538528926e-6;5.611723858799753e-6;2.7934039084902135e-6;8.231925157136079e-6;7.870678682130514e-6;1.2156751210900291e-6;-2.0673144658239762e-6;-1.1022296962189537e-6;-4.197232525021451e-6;-2.3416915119371236e-6;-4.0514145366797965e-6;-9.536986772934754e-7;3.4921981175126223e-6;2.2827697927734424e-6;5.008019217245174e-6;7.92212421408368e-6;1.0941930993281181e-5;1.5322099422568394e-5;2.04170957871908e-5;1.761343518427839e-5;2.054702545254723e-5;1.6357236494226417e-6;2.2046734128327883e-6;5.053992411516338e-6;3.010021011036225e-6;3.4497010416360625e-6;2.1783735425868847e-6;-3.2788537738796297e-6;-1.6861119197380314e-6;-3.838452796851827e-6;-5.277252851210835e-6;-3.4174137227940863e-6;-1.500080858799995e-6;5.3268564832141405e-6;6.354662420669445e-6;7.291081635191109e-6;1.2754640983090087e-6;4.018092245719385e-6;6.301528160357011e-6;4.699657318154768e-6;-7.893848888296547e-7;-1.4428260993194321e-6;-2.2333139852096878e-6;-4.0855902298040896e-6;-2.3113035627220386e-6;6.793889978526834e-6;1.0065512881174951e-5;1.3726187108461536e-5;1.3713267731677413e-5;1.6283492498504675e-5;2.115413167865635e-5;3.0727874534887865e-5;2.2904380268729126e-5;2.0225483292303343e-5;1.1339245959459149e-5;1.3957645476866662e-5;1.4978801025513328e-6;1.0436026083938952e-5;1.4192489778278282e-5;1.532416813227959e-5;2.2093745287430888e-5;1.8158581254733975e-5;1.285767026731087e-5;2.326718204629296e-6;2.004951990826015e-6;1.7172594453996462e-5;1.035969190700093e-5;2.489835030509069e-5;2.47500366874723e-5
-1.9666341780168242e-6;8.744303436822665e-6;1.2254327251176736e-5;1.2573855054213634e-5;1.510855314145593e-5;1.602876155141976e-5;1.0856892644651278e-5;9.275422570994661e-7;7.680679446522363e-6;-1.6608747690797087e-6;3.880232889148446e-6;-9.575320424638299e-7;-8.691866511924786e-6;0.0;-6.8892071401681455e-6;8.216597563594917e-6;1.3510449973532544e-6;-2.2352873439079053e-6;5.2629667208643605e-6;1.1532441289764078e-5;6.12819268539057e-6;5.269503744018846e-6;6.777836026524123e-6;1.4048476825108452e-6;-7.455328460619501e-6;-1.0015903762384328e-5;-4.494580214742786e-6;-3.851470688806604e-6;-3.383645699058465e-6;3.646156367961155e-7;2.338528983494338e-6;3.978938842156215e-6;6.440209779059508e-6;1.0331696905995685e-5;7.744151558618363e-6;1.3298828371385542e-5;-3.1999587574236677e-6;-7.407741684727338e-8;1.9061708416365246e-6;9.612758975343706e-7;1.4111543038429118e-6;3.9227875529310384e-7;-2.2947889656385592e-6;-7.005593202032059e-7;-3.3227542109398588e-6;-3.6195548124843318e-6;-3.6456064277218957e-6;-2.408177229749045e-6;-2.7971520028810157e-6;4.6471775850664245e-7;4.317913671452108e-7;-1.0493351799017795e-6;-1.2944182571058907e-7;1.3813253949342231e-6;2.1176394881226783e-6;6.021725396680088e-7;-4.720249887062657e-8;-3.9176525827357594e-7;-1.9010743133062772e-6;-8.67311130627867e-7;-3.5983754955836013e-6;-1.8748616229180496e-7;8.520792501673051e-7;2.502048491350274e-6;2.505123288205994e-6;5.574756393390431e-6;1.5801463940150135e-5;1.0690800644423611e-5;3.193511544386872e-6;-1.9582132107320237e-6;3.451049893562569e-7;-3.0049568606241657e-6;-1.2840327720207938e-6;2.099430851778971e-6;7.3028092385714e-6;1.3333978297538869e-5;1.2215711447552967e-5;1.2856705509334413e-5;9.897156533739269e-6;7.309003476017723e-6;2.3211273478754916e-5;1.988950860897511e-5;2.717708927645219e-5;2.7624271340623647e-5
9.400733907049746e-7;5.7445073341762374e-6;1.0720368446680969e-5;6.873072253101829e-6;8.955197836188661e-6;1.1301574403887618e-5;6.0377436083650556e-6;-1.8327649145469917e-6;1.1075614814442812e-6;-1.9799059157049803e-6;2.644644776406514e-7;6.433380917396888e-7;-1.5924830111936204e-6;6.8892071401681455e-6;0.0;1.2430343429398217e-5;7.215978737111624e-6;7.91506502578203e-8;1.3659821092204197e-6;6.451806660452778e-6;5.456374962564912e-6;2.074803675256063e-6;7.003047372902957e-6;7.337325225575671e-8;-2.2374894609292524e-6;-6.152775378350046e-6;-3.493218927844916e-6;-6.335094479953381e-6;-5.2632376972758665e-6;-1.3394857603978218e-6;9.765126555699794e-7;4.537836691565539e-6;5.207125076846407e-6;1.3373382594797805e-5;5.940445881564111e-6;1.3805411894764757e-5;-1.1118416920662534e-6;2.1621183493036994e-6;3.135623871588567e-6;1.2709494341374253e-6;2.5325630517258827e-6;1.215983079836171e-6;-2.227294599288203e-6;-5.308013904050927e-7;-2.9508443132171673e-6;-3.871255286889019e-6;-4.376315448970689e-6;-4.552328839081141e-6;-3.814772546362753e-6;-2.8184021169256935e-7;-3.236642909909736e-7;-1.7896530564247544e-6;-8.280098894638468e-7;1.7815947096684223e-6;2.5102724858427435e-6;-8.813628858768268e-7;-9.025355125277656e-7;-1.4959793558128847e-6;-3.1246926198140265e-6;-1.969965270537657e-6;-5.111633493297817e-6;-4.3770415212262285e-8;3.366953322896494e-6;5.8520124625099085e-6;6.854834520769548e-6;1.1338885374259122e-5;1.9905365487064313e-5;1.1218322550138832e-5;5.854785435297694e-6;-2.6821411886143247e-6;1.6727963678822684e-6;-4.437643670900205e-6;-2.4707903755888565e-6;2.376421740147352e-6;6.169516438171874e-6;1.7760317817478677e-5;1.4408875789865342e-5;1.2776668476519262e-5;9.376716157909842e-6;5.1348367456037474e-6;2.280320803502683e-5;1.5550614575221807e-5;2.7428042770908135e-5;2.555672389758438e-5
-7.898043990539216e-6;-4.612728076897142e-6;-2.951371282453007e-7;5.806238711966459e-6;5.712713605173438e-6;9.040860673445553e-6;1.524699125688261e-5;7.321826461303719e-6;1.281899814405543e-5;3.6669471388211435e-6;1.0435501401021564e-5;5.294295727266473e-6;-8.230908538528926e-6;-8.216597563594917e-6;-1.2430343429398217e-5;0.0;-7.464924037126111e-6;-9.856804162225217e-6;-2.795498432773957e-6;7.394202978544855e-6;2.1895955624885063e-6;9.406029626365325e-6;8.071320522540893e-6;1.0625610286677367e-5;-2.8204526159823017e-6;-8.028132398133715e-6;-1.5396633970761433e-6;-6.220169050633075e-6;-2.665479669933803e-6;1.5938524226928491e-6;2.9503472556249095e-6;3.590983416928616e-6;4.175078054852008e-6;5.552477995953245e-6;2.378335394797498e-6;4.2146830253427724e-6;1.6375781193979028e-6;3.1868068891221638e-6;4.6790205852735044e-6;3.1372219550520514e-6;4.026658359423016e-6;3.7533714163621574e-6;1.5588298207571943e-6;9.524840646023738e-7;6.862482698771913e-7;-8.778158129181799e-7;-3.6870880411425614e-7;-1.2002350190363483e-6;7.382857138122476e-8;3.2342978320408434e-6;2.0797854011602407e-6;1.879100206022791e-6;1.9703643445004043e-6;2.5987484340711164e-6;2.93798549545613e-6;2.7785542256838887e-6;1.9063049769176868e-6;1.0858388116397931e-6;5.482089117728821e-7;-1.2240139174301865e-7;-4.348567943904039e-6;-1.5468143636497964e-7;-2.812826160110423e-6;1.596997392885888e-6;-2.1704194273052112e-7;-1.6451073066240161e-6;1.790513033512788e-6;-1.66107651881177e-6;-3.4888459246240038e-6;-7.941546163107256e-6;-2.7524782217599973e-6;-2.8366718524981746e-6;-7.872860487014274e-6;-7.4201992188757466e-6;-6.243651268971077e-6;7.135173014570405e-7;-5.413786139463031e-7;2.884537239259432e-6;1.3420292567426915e-5;1.5008870451824797e-5;1.929108064779196e-5;2.246887918132641e-5;1.7776591856986473e-5;1.7886929535610916e-5
-5.652955747071364e-6;-2.0872384543234853e-6;3.955697074178501e-6;6.220541074341341e-6;6.7497038894737734e-6;1.0360842419173308e-5;1.1530306300571391e-5;1.6351351915667357e-6;7.304709086924477e-6;5.864894078795694e-7;6.282625693513248e-6;3.207523625453646e-6;-5.611723858799753e-6;-1.3510449973532544e-6;-7.215978737111624e-6;7.464924037126111e-6;0.0;-6.229276488054269e-6;-3.047032693312401e-6;6.460131952647802e-6;4.976202803382978e-6;7.200483830654118e-6;1.0098943044330015e-5;6.760667199241751e-6;-2.3490223538034226e-6;-7.978005996737277e-6;-2.89421346829896e-6;-9.006121112660741e-6;-5.549597611414869e-6;-5.803921617552775e-7;1.526904576220786e-6;3.652918841890408e-6;3.1710370948546337e-6;8.137793792417045e-6;1.4299790446337933e-6;6.875187903496866e-6;7.762760274714245e-7;3.3006342270040263e-6;4.607761965130676e-6;2.162600595274288e-6;3.542926795259537e-6;3.0097947624330446e-6;1.2448949590493392e-7;3.452539560967878e-7;-1.372576212024715e-6;-2.778719731120331e-6;-2.998846781785019e-6;-3.629757722659211e-6;-2.5533481669674787e-6;1.935020414665509e-6;6.675528054527483e-7;5.849752024605844e-7;7.551679875468268e-7;1.8720667890237313e-6;1.944794293952429e-6;4.978476135445986e-7;5.656112982554604e-8;-1.0255540797875297e-6;-1.50121538512046e-6;-1.4110654676002547e-6;-7.1357736679418115e-6;-1.7678732431696356e-6;-2.5589959358592228e-6;1.959565516382873e-6;8.175367196558917e-7;1.7494514949561193e-6;8.00417585771932e-6;2.1422716008224746e-6;-2.2652915766193726e-6;-8.651078408915598e-6;-3.3566964085806767e-6;-5.091601712470191e-6;-8.499103349284481e-6;-6.149024695682108e-6;-3.022034370274906e-6;7.3417078328960295e-6;5.267573790571117e-6;7.390833170647285e-6;1.2951116981479303e-5;1.0392330419576511e-5;2.25868224780207e-5;2.0409942931055523e-5;2.3403606575841756e-5;2.2306587471440397e-5
-5.885324673179962e-6;-2.9049773440849215e-6;1.6790971458923594e-6;4.891470016071625e-6;3.0439318941454293e-6;5.438013633967171e-6;4.945015086382154e-6;-1.103871053007738e-6;2.8955870404016574e-6;1.2691468635377945e-6;4.678854686793535e-6;3.4883198636536336e-6;-2.7934039084902135e-6;2.2352873439079053e-6;-7.91506502578203e-8;9.856804162225217e-6;6.229276488054269e-6;0.0;-2.026909083055245e-6;4.667641054789198e-6;7.658265915862015e-6;6.216592116070475e-6;1.0169496472504379e-5;3.2474978393420075e-6;-5.348678416648499e-7;-3.4222718562183353e-6;-8.879173851986808e-7;-7.382721314629592e-6;-4.623506774712e-6;-9.475651173380956e-7;-2.975055684574381e-7;2.4850333651935086e-6;1.5366988744494094e-6;8.506556061233849e-6;-2.0025631924271492e-7;6.255931800884703e-6;1.0791617589540868e-7;3.841830549399073e-6;3.952013762639517e-6;1.3970395061707615e-6;2.763354954641024e-6;1.7939108324866636e-6;-1.5000568574918675e-6;-4.897839491392126e-7;-3.1391532071161326e-6;-4.083450886246944e-6;-5.069692313091728e-6;-5.80155262208721e-6;-3.7031942859728723e-6;8.766114293901283e-7;5.186564511142456e-7;-7.175407976806273e-7;-9.410905828088757e-8;1.4264609585797488e-6;-1.486352376202029e-7;-1.937349530333181e-6;-2.4476970900808664e-6;-2.8287227423564347e-6;-3.694509885175265e-6;-2.3869702638521033e-6;-7.093921004285699e-6;-6.487006109975182e-8;1.7842220778791932e-6;3.729674716173345e-6;4.542661002710057e-6;6.951475955686531e-6;1.1535682971010945e-5;4.170998022341954e-6;-7.612589905318894e-7;-7.989385696039003e-6;-3.6375312060882725e-6;-6.7628438840694375e-6;-8.551342682773188e-6;-1.6498303491465042e-6;1.013585024855309e-6;1.341262028966742e-5;1.1017032525942602e-5;1.1181140051686623e-5;1.2434951390228104e-5;6.644177361285055e-6;2.1590776099632682e-5;1.5519279424724537e-5;2.3157448729296575e-5;2.0822813088570477e-5
-1.2800561419908702e-5;-7.179284770366546e-6;-6.482201430200377e-6;4.4631741757399535e-6;-1.2107532707302246e-6;-1.155564839836856e-6;7.680950399380935e-7;8.648120949677708e-7;4.288069891676828e-6;4.510494822456361e-6;7.2766382316770785e-6;4.696646877587507e-6;-8.231925157136079e-6;-5.2629667208643605e-6;-1.3659821092204197e-6;2.795498432773957e-6;3.047032693312401e-6;2.026909083055245e-6;0.0;6.052319242471117e-6;8.568244356504644e-6;8.860964655725152e-6;7.448577901914631e-6;1.3255470399265002e-6;-3.854214811858432e-6;-2.0532658125411083e-6;5.175337724033966e-7;-3.8730620830417155e-6;-1.8505191809113903e-6;-5.5588729813770697e-8;-2.069379575961115e-6;-2.9202367469534134e-7;-9.28345062065012e-7;3.517113444100599e-6;-3.376892789542454e-6;6.558151910399534e-8;-2.7215591638337567e-6;1.988514328630751e-6;1.9575517905062245e-6;3.103877259341285e-7;1.1179302105003077e-6;2.8558410619328457e-7;-2.8538612589397375e-6;-1.5342232360104885e-6;-4.211770394932294e-6;-4.493888331123817e-6;-6.105590995013622e-6;-7.319276242026789e-6;-3.5606334047118807e-6;5.55463703793754e-7;1.2911793910783208e-6;-1.3596654994885095e-6;-4.081848580777804e-7;2.1451654194581016e-7;-3.35866179941535e-6;-2.9931949414435604e-6;-5.013662332217124e-6;-3.6821548361819276e-6;-5.477077993620274e-6;-3.006260717084799e-6;-5.65771439292216e-6;2.1180548768467415e-6;4.030138772701797e-6;2.682712786126665e-6;4.797862750536267e-6;6.970974756709814e-6;1.1005792292434173e-5;6.664065803588632e-6;-5.595372114225515e-8;-4.159731232852846e-6;-3.7733525879506088e-6;-6.142850648733457e-6;-1.0129488659252654e-5;6.469698490952369e-7;1.9646068267636686e-6;1.2936876373240066e-5;1.1494926106601236e-5;1.1774509837736547e-5;1.3265195915807104e-5;7.757542465845818e-6;1.9695248586745423e-5;1.4914661440292893e-5;2.0338000822824198e-5;1.9687231775016317e-5
-1.354959579381307e-5;-1.2873637615741603e-5;-1.3671634611871718e-5;-1.6564954945267597e-6;-7.731191187744966e-6;-7.5658716949667685e-6;-3.290562144003535e-7;4.706897458320406e-6;5.224195242975326e-6;7.558618970065058e-6;8.784347070330174e-6;8.498468476490032e-6;-7.870678682130514e-6;-1.1532441289764078e-5;-6.451806660452778e-6;-7.394202978544855e-6;-6.460131952647802e-6;-4.667641054789198e-6;-6.052319242471117e-6;0.0;8.152470356708142e-7;8.76384370104148e-6;2.0361308979155584e-6;3.919414591599357e-6;-1.48733900658923e-6;-7.840466294527909e-7;2.862706743270737e-6;-2.5273850939788996e-6;1.0199547355249612e-6;2.562728756841962e-6;-1.3516137586375437e-7;8.798778279274322e-7;7.517954662457852e-8;1.055295593894625e-6;-4.345350318376925e-6;-7.0211964539606865e-6;9.749715444035801e-8;3.1931203615840843e-6;2.6483318097809023e-6;2.0312932742132214e-6;2.364394330771001e-6;1.166804401999796e-6;-2.037763342555496e-6;-1.0492496250598683e-6;-1.779141672678954e-6;-2.7348040731591256e-6;-3.3623356962171723e-6;-5.756967896814517e-6;-1.598528114123033e-7;1.5441848360093417e-6;1.888597032412085e-6;-1.2629321333418345e-6;-3.41171059118414e-7;2.45555514061101e-7;-2.400269242687174e-6;-1.2660913566022385e-6;-3.4321717886040053e-6;-9.87022981228297e-7;-4.0204926029945166e-6;-2.029967914629956e-6;-2.649156242670314e-6;3.4483185308236097e-6;3.537629863522118e-6;3.2519281978285213e-6;4.885317754389413e-6;4.877566848182569e-6;6.523737712456954e-6;3.934828385122443e-6;1.3475150991763335e-6;-2.398660788161097e-6;-1.4012994155775032e-6;-4.302103535399564e-6;-9.747430107249673e-6;-3.0857090586266095e-6;-5.788929117681382e-6;3.703268121276053e-6;1.2349815136941162e-6;2.0430356358415475e-6;1.1845608928390148e-5;1.3259672201593948e-5;1.3378200180986385e-5;1.6402921609238848e-5;1.2474643920047052e-5;1.520393433276481e-5
-8.058085765372395e-6;-1.2798937146484338e-5;-1.0128301874645271e-5;-3.581634753769901e-6;-7.3053206992509115e-6;-3.8867066137758845e-6;5.526505676658015e-6;4.727191176775857e-6;5.224190830313429e-6;6.877730728888826e-6;8.480324314984097e-6;9.673919090997249e-6;-1.2156751210900291e-6;-6.12819268539057e-6;-5.456374962564912e-6;-2.1895955624885063e-6;-4.976202803382978e-6;-7.658265915862015e-6;-8.568244356504644e-6;-8.152470356708142e-7;0.0;8.801406079534357e-6;6.825023713970984e-6;1.1375006671767744e-5;4.960654959788637e-6;4.6938340338485635e-7;4.453801054438941e-6;-4.5229897683181116e-6;8.285352092048971e-7;4.194887528619712e-6;3.64469123424154e-6;4.805014446397165e-6;4.1701312920234456e-6;6.185321396472075e-6;-2.5811839834945466e-7;-8.953808916206811e-7;6.993406362883848e-6;7.48453493954301e-6;7.126034293049823e-6;4.054924470136891e-6;5.0066818863397335e-6;4.24536655816236e-6;4.584181116413255e-7;1.130199563036862e-7;-9.788213176393443e-7;-2.6917144149642047e-6;-2.2668983732217517e-6;-3.1506625676366884e-6;4.322654644757838e-6;6.530448220959068e-6;5.2803885842656265e-6;2.5023417080965366e-6;3.335483752388329e-6;3.8198960066868274e-6;1.3417919556009901e-6;7.136957283165528e-7;-1.223832403859261e-6;-1.3281360274792216e-6;-2.2659407775092097e-6;-1.632846182355139e-6;-1.2642383584723633e-6;4.768654503366095e-6;2.9487978955443336e-6;5.899293820306931e-6;5.898269238213468e-6;4.205282855589499e-6;3.2602198428387815e-6;-2.272826882449011e-6;4.543996967002857e-8;-6.682270689391793e-6;-5.184876050844629e-7;-3.5763429614953684e-6;-8.535123823878258e-6;-5.726107787610563e-6;-9.131906881620782e-6;1.950164260377156e-6;-1.1730502699327408e-6;-5.362747362057014e-8;1.2755362080668388e-5;1.4353122185853598e-5;1.4646753867705159e-5;1.6478689661846414e-5;1.2337094924678002e-5;1.137443264804241e-5
-3.362590939466864e-6;-1.1883920837711512e-5;-1.3598702416243482e-5;-1.1868108732663294e-5;-1.5178046378630069e-5;-1.3643373157525262e-5;-4.262758769996344e-6;4.956901305596476e-6;-2.9174624139989343e-6;7.945867511573125e-6;2.2404693416103584e-6;1.1724700223485743e-5;2.0673144658239762e-6;-5.269503744018846e-6;-2.074803675256063e-6;-9.406029626365325e-6;-7.200483830654118e-6;-6.216592116070475e-6;-8.860964655725152e-6;-8.76384370104148e-6;-8.801406079534357e-6;0.0;-3.948233253485747e-6;7.492304893610772e-6;4.987406066733804e-6;4.1668944251135535e-6;5.124237368547646e-6;1.1954622183319696e-6;4.199489229297685e-6;4.6776899088675925e-6;3.4000808326752498e-6;4.089251863676793e-6;4.755179050579796e-6;5.424148030869294e-6;2.2659250800525534e-6;-8.65171894703108e-7;4.612541771310331e-6;3.860632733816547e-6;2.678847262790605e-6;2.106263831022626e-6;1.7958125946478946e-6;8.83357930069582e-7;-1.3701561483989783e-6;-7.717301591794202e-7;-1.3986976117728318e-6;-2.338386140926237e-6;-1.466015668074912e-6;-1.5375419957398243e-6;5.0440299581510894e-6;3.5229500586384874e-6;3.979005886607143e-6;1.906997777788926e-7;1.4598143407111321e-6;2.3142099746257593e-6;8.380084925865104e-7;1.8061866724053154e-7;-2.0660581586781986e-6;-7.671062259084898e-7;-2.8847823882223757e-6;-1.6038277890274842e-6;3.901285348601631e-6;6.706070952869698e-6;7.122139123992596e-6;7.469524774909671e-6;9.181151919507033e-6;8.712320014900805e-6;7.145098425189043e-6;4.0288085694026485e-6;8.494284491228459e-6;3.742617889032763e-6;6.295034959436125e-6;4.839602460677183e-7;-1.782259124559997e-6;-3.8690807545654046e-7;-7.74627711739581e-6;-1.591330593394607e-7;-4.597182925296163e-6;-7.180846010911908e-6;3.954998750377634e-6;1.2807903787842764e-5;1.467109377770973e-6;8.3223329532329e-6;1.3088526986886575e-6;4.302843343745416e-6
